2.05        0.002812          0.3753
2.05        0.003393          0.3771
2.05        0.004095          0.3758
2.05        0.004942          0.3722
2.05        0.005964          0.3673
2.05        0.007197           0.362
2.05        0.008685          0.3568
2.05         0.01048           0.352
2.05         0.01265           0.348
2.05         0.01526          0.3442
2.05         0.01842          0.3361
2.05         0.02223          0.3416
2.05         0.02683          0.3484
2.05         0.03237           0.348
2.05         0.03907          0.3478
2.05         0.04715          0.3478
2.05          0.0569          0.3479
2.05         0.06866          0.3481
2.05         0.08286          0.3485
2.05             0.1          0.3492
2.05           0.101          0.3492
2.05          0.1191          0.3499
2.05          0.1373          0.3503
2.05          0.1554          0.3504
2.05          0.1736          0.3498
2.05          0.1917          0.3484
2.05          0.2099          0.3462
2.05           0.228          0.3427
2.05          0.2461          0.3394
2.05          0.2643          0.3339
2.05          0.2824          0.3273
2.05          0.3006          0.3198
2.05          0.3187          0.3115
2.05          0.3369          0.3023
2.05           0.355          0.2923
2.05          0.3731          0.2817
2.05          0.3913          0.2704
2.05          0.4094          0.2587
2.05          0.4276          0.2465
2.05          0.4457          0.2339
2.05          0.4639          0.2211
2.05           0.482          0.2081
2.05          0.5001           0.195
2.05          0.5183          0.1819
2.05          0.5364          0.1688
2.05          0.5546          0.1559
2.05          0.5727          0.1433
2.05          0.5909          0.1309
2.05           0.609          0.1188
2.05          0.6271          0.1072
2.05          0.6453         0.09608
2.05          0.6634         0.08545
2.05          0.6816         0.07538
2.05          0.6997          0.0659
2.05          0.7179         0.05705
2.05           0.736         0.04884
2.05          0.7541          0.0413
2.05          0.7723         0.03442
2.05          0.7904         0.02823
2.05          0.8086         0.02271
2.05          0.8267         0.01784
2.05          0.8449         0.01364
2.05           0.863         0.01007
2.05          0.8811        0.007106
2.05          0.8993        0.004725
2.05          0.9174        0.002889
2.05          0.9356        0.001558
2.05          0.9537       0.0006788
2.05          0.9719        0.000192
2.05            0.99       1.345e-05
5.15        0.007197            0.42
5.15        0.008685          0.4313
5.15         0.01048          0.4347
5.15         0.01265          0.4327
5.15         0.01526          0.4276
5.15         0.01842           0.421
5.15         0.02223          0.4137
5.15         0.02683          0.4064
5.15         0.03237          0.3992
5.15         0.03907          0.3917
5.15         0.04715           0.388
5.15          0.0569          0.3828
5.15         0.06866          0.3779
5.15         0.08286          0.3733
5.15             0.1          0.3688
5.15           0.101          0.3686
5.15          0.1191          0.3646
5.15          0.1373          0.3608
5.15          0.1554          0.3567
5.15          0.1736          0.3519
5.15          0.1917          0.3464
5.15          0.2099          0.3398
5.15           0.228          0.3324
5.15          0.2461           0.324
5.15          0.2643          0.3147
5.15          0.2824          0.3046
5.15          0.3006          0.2938
5.15          0.3187          0.2824
5.15          0.3369          0.2704
5.15           0.355          0.2579
5.15          0.3731          0.2451
5.15          0.3913           0.232
5.15          0.4094           0.219
5.15          0.4276          0.2058
5.15          0.4457          0.1925
5.15          0.4639          0.1792
5.15           0.482          0.1662
5.15          0.5001          0.1534
5.15          0.5183           0.141
5.15          0.5364          0.1288
5.15          0.5546          0.1171
5.15          0.5727          0.1058
5.15          0.5909         0.09502
5.15           0.609         0.08482
5.15          0.6271         0.07519
5.15          0.6453         0.06617
5.15          0.6634         0.05777
5.15          0.6816            0.05
5.15          0.6997         0.04286
5.15          0.7179         0.03635
5.15           0.736         0.03046
5.15          0.7541         0.02519
5.15          0.7723         0.02051
5.15          0.7904         0.01641
5.15          0.8086         0.01287
5.15          0.8267        0.009827
5.15          0.8449        0.007287
5.15           0.863        0.005204
5.15          0.8811        0.003541
5.15          0.8993        0.002259
5.15          0.9174        0.001317
5.15          0.9356       0.0006698
5.15          0.9537       0.0002713
5.15          0.9719       6.915e-05
5.15            0.99        3.91e-06
8.15         0.01048          0.4273
8.15         0.01265          0.4428
8.15         0.01526          0.4485
8.15         0.01842          0.4472
8.15         0.02223          0.4415
8.15         0.02683          0.4335
8.15         0.03237          0.4245
8.15         0.03907           0.415
8.15         0.04715          0.4056
8.15          0.0569          0.3965
8.15         0.06866          0.3881
8.15         0.08286           0.382
8.15             0.1          0.3759
8.15           0.101          0.3755
8.15          0.1191           0.369
8.15          0.1373           0.363
8.15          0.1554          0.3569
8.15          0.1736          0.3503
8.15          0.1917          0.3429
8.15          0.2099          0.3348
8.15           0.228          0.3258
8.15          0.2461           0.316
8.15          0.2643          0.3054
8.15          0.2824          0.2941
8.15          0.3006          0.2822
8.15          0.3187          0.2698
8.15          0.3369           0.257
8.15           0.355          0.2438
8.15          0.3731          0.2305
8.15          0.3913           0.217
8.15          0.4094          0.2035
8.15          0.4276            0.19
8.15          0.4457          0.1767
8.15          0.4639          0.1636
8.15           0.482          0.1508
8.15          0.5001          0.1383
8.15          0.5183          0.1263
8.15          0.5364          0.1146
8.15          0.5546          0.1037
8.15          0.5727         0.09334
8.15          0.5909         0.08332
8.15           0.609         0.07388
8.15          0.6271         0.06506
8.15          0.6453         0.05684
8.15          0.6634         0.04927
8.15          0.6816         0.04233
8.15          0.6997         0.03601
8.15          0.7179          0.0303
8.15           0.736         0.02518
8.15          0.7541         0.02064
8.15          0.7723         0.01666
8.15          0.7904          0.0132
8.15          0.8086         0.01024
8.15          0.8267        0.007735
8.15          0.8449        0.005667
8.15           0.863        0.003994
8.15          0.8811        0.002678
8.15          0.8993         0.00168
8.15          0.9174       0.0009605
8.15          0.9356       0.0004773
8.15          0.9537       0.0001876
8.15          0.9719       4.584e-05
8.15            0.99       2.377e-06
12.90         0.01842          0.4444
12.90         0.02223          0.4511
12.90         0.02683          0.4496
12.90         0.03237          0.4429
12.90         0.03907          0.4333
12.90         0.04715          0.4224
12.90          0.0569          0.4112
12.90         0.06866          0.4003
12.90         0.08286          0.3898
12.90             0.1          0.3798
12.90           0.101          0.3793
12.90          0.1191          0.3711
12.90          0.1373          0.3639
12.90          0.1554          0.3563
12.90          0.1736           0.348
12.90          0.1917          0.3391
12.90          0.2099          0.3295
12.90           0.228          0.3191
12.90          0.2461          0.3081
12.90          0.2643          0.2964
12.90          0.2824          0.2842
12.90          0.3006          0.2715
12.90          0.3187          0.2583
12.90          0.3369          0.2449
12.90           0.355          0.2313
12.90          0.3731          0.2176
12.90          0.3913          0.2039
12.90          0.4094          0.1903
12.90          0.4276          0.1768
12.90          0.4457          0.1636
12.90          0.4639          0.1507
12.90           0.482          0.1382
12.90          0.5001          0.1261
12.90          0.5183          0.1145
12.90          0.5364          0.1034
12.90          0.5546         0.09286
12.90          0.5727          0.0829
12.90          0.5909         0.07356
12.90           0.609         0.06484
12.90          0.6271         0.05675
12.90          0.6453         0.04953
12.90          0.6634         0.04264
12.90          0.6816          0.0364
12.90          0.6997         0.03075
12.90          0.7179         0.02575
12.90           0.736         0.02125
12.90          0.7541         0.01729
12.90          0.7723         0.01383
12.90          0.7904         0.01087
12.90          0.8086        0.008356
12.90          0.8267        0.006248
12.90          0.8449        0.004529
12.90           0.863        0.003154
12.90          0.8811        0.002087
12.90          0.8993         0.00129
12.90          0.9174       0.0007247
12.90          0.9356       0.0003526
12.90          0.9537       0.0001349
12.90          0.9719       3.171e-05
12.90            0.99       1.519e-06
20.50         0.02683          0.4366
20.50         0.03237          0.4428
20.50         0.03907          0.4405
20.50         0.04715          0.4326
20.50          0.0569          0.4218
20.50         0.06866          0.4098
20.50         0.08286          0.3976
20.50             0.1          0.3855
20.50           0.101          0.3849
20.50          0.1191           0.374
20.50          0.1373          0.3641
20.50          0.1554          0.3547
20.50          0.1736          0.3448
20.50          0.1917          0.3346
20.50          0.2099          0.3241
20.50           0.228          0.3126
20.50          0.2461          0.3006
20.50          0.2643           0.288
20.50          0.2824          0.2749
20.50          0.3006          0.2615
20.50          0.3187          0.2479
20.50          0.3369           0.234
20.50           0.355          0.2201
20.50          0.3731          0.2062
20.50          0.3913          0.1924
20.50          0.4094          0.1788
20.50          0.4276          0.1654
20.50          0.4457          0.1524
20.50          0.4639          0.1398
20.50           0.482          0.1276
20.50          0.5001          0.1159
20.50          0.5183          0.1047
20.50          0.5364         0.09415
20.50          0.5546         0.08412
20.50          0.5727         0.07475
20.50          0.5909         0.06599
20.50           0.609         0.05787
20.50          0.6271         0.05038
20.50          0.6453          0.0435
20.50          0.6634         0.03725
20.50          0.6816          0.0316
20.50          0.6997         0.02654
20.50          0.7179         0.02208
20.50           0.736         0.01809
20.50          0.7541         0.01461
20.50          0.7723         0.01164
20.50          0.7904        0.009119
20.50          0.8086        0.006951
20.50          0.8267        0.005151
20.50          0.8449        0.003696
20.50           0.863        0.002547
20.50          0.8811        0.001666
20.50          0.8993        0.001016
20.50          0.9174       0.0005615
20.50          0.9356        0.000268
20.50          0.9537          0.0001
20.50          0.9719       2.269e-05
20.50            0.99       1.013e-06
51.50         0.06866          0.4014
51.50         0.08286          0.3963
51.50             0.1          0.3864
51.50           0.101          0.3858
51.50          0.1191          0.3741
51.50          0.1373          0.3623
51.50          0.1554          0.3504
51.50          0.1736          0.3383
51.50          0.1917          0.3259
51.50          0.2099          0.3131
51.50           0.228          0.2999
51.50          0.2461          0.2863
51.50          0.2643          0.2724
51.50          0.2824          0.2583
51.50          0.3006           0.244
51.50          0.3187          0.2296
51.50          0.3369          0.2153
51.50           0.355          0.2012
51.50          0.3731          0.1873
51.50          0.3913          0.1735
51.50          0.4094          0.1601
51.50          0.4276          0.1471
51.50          0.4457          0.1345
51.50          0.4639          0.1224
51.50           0.482          0.1109
51.50          0.5001             0.1
51.50          0.5183         0.08971
51.50          0.5364         0.08004
51.50          0.5546         0.07093
51.50          0.5727         0.06252
51.50          0.5909         0.05474
51.50           0.609         0.04759
51.50          0.6271         0.04107
51.50          0.6453         0.03515
51.50          0.6634         0.02982
51.50          0.6816         0.02506
51.50          0.6997         0.02083
51.50          0.7179         0.01711
51.50           0.736         0.01387
51.50          0.7541         0.01108
51.50          0.7723        0.008692
51.50          0.7904        0.006687
51.50          0.8086        0.005029
51.50          0.8267         0.00367
51.50          0.8449        0.002591
51.50           0.863        0.001753
51.50          0.8811        0.001135
51.50          0.8993       0.0006769
51.50          0.9174       0.0003643
51.50          0.9356       0.0001683
51.50          0.9537       6.022e-05
51.50          0.9719       1.285e-05
51.50            0.99       5.067e-07
129.20          0.1736          0.3254
129.20          0.1917          0.3139
129.20          0.2099          0.3013
129.20           0.228          0.2878
129.20          0.2461          0.2737
129.20          0.2643          0.2593
129.20          0.2824          0.2447
129.20          0.3006            0.23
129.20          0.3187          0.2153
129.20          0.3369          0.2007
129.20           0.355          0.1864
129.20          0.3731          0.1724
129.20          0.3913          0.1588
129.20          0.4094          0.1456
129.20          0.4276           0.133
129.20          0.4457          0.1209
129.20          0.4639          0.1094
129.20           0.482         0.09847
129.20          0.5001          0.0882
129.20          0.5183          0.0786
129.20          0.5364         0.06967
129.20          0.5546         0.06131
129.20          0.5727          0.0538
129.20          0.5909         0.04678
129.20           0.609         0.04039
129.20          0.6271          0.0346
129.20          0.6453         0.02939
129.20          0.6634         0.02474
129.20          0.6816         0.02063
129.20          0.6997         0.01701
129.20          0.7179         0.01385
129.20           0.736         0.01112
129.20          0.7541        0.008794
129.20          0.7723        0.006831
129.20          0.7904        0.005197
129.20          0.8086        0.003863
129.20          0.8267        0.002783
129.20          0.8449        0.001938
129.20           0.863        0.001291
129.20          0.8811       0.0008128
129.20          0.8993       0.0004747
129.20          0.9174       0.0002495
129.20          0.9356       0.0001119
129.20          0.9537       3.912e-05
129.20          0.9719       7.918e-06
129.20            0.99       2.807e-07
514.50          0.6453         0.02443
514.50          0.6634         0.02037
514.50          0.6816         0.01681
514.50          0.6997         0.01371
514.50          0.7179         0.01104
514.50           0.736        0.008758
514.50          0.7541        0.006837
514.50          0.7723        0.005239
514.50          0.7904        0.003929
514.50          0.8086        0.002875
514.50          0.8267        0.002036
514.50          0.8449        0.001391
514.50           0.863       0.0009135
514.50          0.8811       0.0005619
514.50          0.8993       0.0003195
514.50          0.9174       0.0001627
514.50          0.9356       7.024e-05
514.50          0.9537       2.303e-05
514.50          0.9719       4.329e-06
514.50            0.99       1.339e-07
