2.05        0.002812          0.3565
2.05        0.003393          0.3731
2.05        0.004095          0.3821
2.05        0.004942          0.3853
2.05        0.005964          0.3845
2.05        0.007197          0.3809
2.05        0.008685          0.3757
2.05         0.01048          0.3694
2.05         0.01265          0.3627
2.05         0.01526           0.356
2.05         0.01842          0.3499
2.05         0.02223          0.3447
2.05         0.02683          0.3411
2.05         0.03237          0.3394
2.05         0.03907          0.3398
2.05         0.04715          0.3424
2.05          0.0569          0.3466
2.05         0.06866          0.3515
2.05         0.08286           0.356
2.05             0.1           0.359
2.05           0.101          0.3591
2.05          0.1191          0.3596
2.05          0.1373          0.3584
2.05          0.1554          0.3559
2.05          0.1736          0.3524
2.05          0.1917          0.3481
2.05          0.2099          0.3431
2.05           0.228          0.3372
2.05          0.2461          0.3304
2.05          0.2643          0.3229
2.05          0.2824          0.3146
2.05          0.3006          0.3056
2.05          0.3187          0.2961
2.05          0.3369          0.2861
2.05           0.355          0.2757
2.05          0.3731          0.2651
2.05          0.3913          0.2543
2.05          0.4094          0.2435
2.05          0.4276          0.2328
2.05          0.4457          0.2222
2.05          0.4639          0.2119
2.05           0.482          0.2017
2.05          0.5001          0.1919
2.05          0.5183          0.1823
2.05          0.5364          0.1731
2.05          0.5546          0.1643
2.05          0.5727          0.1557
2.05          0.5909          0.1476
2.05           0.609          0.1398
2.05          0.6271          0.1324
2.05          0.6453          0.1252
2.05          0.6634          0.1185
2.05          0.6816           0.112
2.05          0.6997          0.1059
2.05          0.7179             0.1
2.05           0.736         0.09441
2.05          0.7541          0.0891
2.05          0.7723         0.08404
2.05          0.7904         0.07922
2.05          0.8086         0.07463
2.05          0.8267         0.07026
2.05          0.8449          0.0661
2.05           0.863         0.06213
2.05          0.8811         0.05835
2.05          0.8993         0.05475
2.05          0.9174         0.05133
2.05          0.9356         0.04806
2.05          0.9537         0.04495
2.05          0.9719         0.04199
2.05            0.99         0.03919
5.15        0.007197           0.414
5.15        0.008685          0.4368
5.15         0.01048          0.4465
5.15         0.01265          0.4473
5.15         0.01526          0.4428
5.15         0.01842          0.4357
5.15         0.02223          0.4276
5.15         0.02683          0.4197
5.15         0.03237          0.4127
5.15         0.03907          0.4068
5.15         0.04715          0.4021
5.15          0.0569          0.3982
5.15         0.06866          0.3945
5.15         0.08286          0.3905
5.15             0.1          0.3855
5.15           0.101          0.3852
5.15          0.1191          0.3796
5.15          0.1373          0.3737
5.15          0.1554          0.3675
5.15          0.1736           0.361
5.15          0.1917          0.3539
5.15          0.2099          0.3461
5.15           0.228          0.3377
5.15          0.2461          0.3284
5.15          0.2643          0.3184
5.15          0.2824          0.3077
5.15          0.3006          0.2963
5.15          0.3187          0.2844
5.15          0.3369           0.272
5.15           0.355          0.2593
5.15          0.3731          0.2464
5.15          0.3913          0.2334
5.15          0.4094          0.2204
5.15          0.4276          0.2075
5.15          0.4457          0.1947
5.15          0.4639          0.1822
5.15           0.482            0.17
5.15          0.5001          0.1581
5.15          0.5183          0.1467
5.15          0.5364          0.1356
5.15          0.5546           0.125
5.15          0.5727          0.1149
5.15          0.5909          0.1052
5.15           0.609         0.09604
5.15          0.6271         0.08737
5.15          0.6453          0.0792
5.15          0.6634         0.07153
5.15          0.6816         0.06434
5.15          0.6997         0.05764
5.15          0.7179         0.05141
5.15           0.736         0.04563
5.15          0.7541         0.04031
5.15          0.7723         0.03542
5.15          0.7904         0.03094
5.15          0.8086         0.02687
5.15          0.8267         0.02318
5.15          0.8449         0.01985
5.15           0.863         0.01687
5.15          0.8811         0.01421
5.15          0.8993         0.01187
5.15          0.9174        0.009804
5.15          0.9356        0.008011
5.15          0.9537        0.006466
5.15          0.9719        0.005151
5.15            0.99        0.004063
8.15         0.01048          0.4213
8.15         0.01265          0.4472
8.15         0.01526          0.4588
8.15         0.01842          0.4602
8.15         0.02223          0.4557
8.15         0.02683          0.4483
8.15         0.03237          0.4399
8.15         0.03907          0.4316
8.15         0.04715          0.4237
8.15          0.0569          0.4162
8.15         0.06866          0.4089
8.15         0.08286          0.4013
8.15             0.1           0.393
8.15           0.101          0.3925
8.15          0.1191          0.3843
8.15          0.1373          0.3763
8.15          0.1554          0.3684
8.15          0.1736          0.3604
8.15          0.1917          0.3519
8.15          0.2099          0.3429
8.15           0.228          0.3332
8.15          0.2461          0.3228
8.15          0.2643          0.3118
8.15          0.2824          0.3001
8.15          0.3006          0.2878
8.15          0.3187          0.2751
8.15          0.3369           0.262
8.15           0.355          0.2486
8.15          0.3731          0.2351
8.15          0.3913          0.2216
8.15          0.4094          0.2081
8.15          0.4276          0.1947
8.15          0.4457          0.1816
8.15          0.4639          0.1688
8.15           0.482          0.1563
8.15          0.5001          0.1442
8.15          0.5183          0.1325
8.15          0.5364          0.1214
8.15          0.5546          0.1107
8.15          0.5727          0.1005
8.15          0.5909         0.09091
8.15           0.609         0.08184
8.15          0.6271         0.07332
8.15          0.6453         0.06536
8.15          0.6634         0.05795
8.15          0.6816         0.05109
8.15          0.6997         0.04476
8.15          0.7179         0.03896
8.15           0.736         0.03367
8.15          0.7541         0.02887
8.15          0.7723         0.02455
8.15          0.7904         0.02069
8.15          0.8086         0.01726
8.15          0.8267         0.01423
8.15          0.8449          0.0116
8.15           0.863        0.009317
8.15          0.8811        0.007371
8.15          0.8993         0.00573
8.15          0.9174        0.004366
8.15          0.9356        0.003252
8.15          0.9537        0.002362
8.15          0.9719        0.001668
8.15            0.99        0.001155
12.90         0.01842          0.4502
12.90         0.02223          0.4617
12.90         0.02683          0.4628
12.90         0.03237          0.4577
12.90         0.03907          0.4495
12.90         0.04715            0.44
12.90          0.0569            0.43
12.90         0.06866          0.4197
12.90         0.08286          0.4091
12.90             0.1           0.398
12.90           0.101          0.3974
12.90          0.1191          0.3869
12.90          0.1373           0.377
12.90          0.1554          0.3676
12.90          0.1736          0.3581
12.90          0.1917          0.3483
12.90          0.2099          0.3381
12.90           0.228          0.3274
12.90          0.2461           0.316
12.90          0.2643          0.3041
12.90          0.2824          0.2916
12.90          0.3006          0.2786
12.90          0.3187          0.2652
12.90          0.3369          0.2516
12.90           0.355          0.2378
12.90          0.3731          0.2239
12.90          0.3913          0.2101
12.90          0.4094          0.1964
12.90          0.4276          0.1828
12.90          0.4457          0.1696
12.90          0.4639          0.1567
12.90           0.482          0.1442
12.90          0.5001          0.1322
12.90          0.5183          0.1206
12.90          0.5364          0.1096
12.90          0.5546         0.09911
12.90          0.5727         0.08919
12.90          0.5909         0.07984
12.90           0.609         0.07108
12.90          0.6271          0.0629
12.90          0.6453         0.05533
12.90          0.6634         0.04833
12.90          0.6816         0.04192
12.90          0.6997         0.03607
12.90          0.7179         0.03077
12.90           0.736         0.02601
12.90          0.7541         0.02176
12.90          0.7723           0.018
12.90          0.7904          0.0147
12.90          0.8086         0.01183
12.90          0.8267        0.009378
12.90          0.8449        0.007296
12.90           0.863        0.005559
12.90          0.8811        0.004135
12.90          0.8993         0.00299
12.90          0.9174         0.00209
12.90          0.9356        0.001403
12.90          0.9537       0.0008969
12.90          0.9719       0.0005406
12.90            0.99       0.0003089
20.50         0.02683          0.4422
20.50         0.03237          0.4527
20.50         0.03907           0.453
20.50         0.04715          0.4468
20.50          0.0569          0.4372
20.50         0.06866          0.4257
20.50         0.08286          0.4133
20.50             0.1          0.4001
20.50           0.101          0.3994
20.50          0.1191          0.3871
20.50          0.1373          0.3758
20.50          0.1554          0.3649
20.50          0.1736          0.3543
20.50          0.1917          0.3434
20.50          0.2099          0.3322
20.50           0.228          0.3206
20.50          0.2461          0.3084
20.50          0.2643          0.2957
20.50          0.2824          0.2826
20.50          0.3006          0.2691
20.50          0.3187          0.2553
20.50          0.3369          0.2413
20.50           0.355          0.2272
20.50          0.3731          0.2132
20.50          0.3913          0.1992
20.50          0.4094          0.1855
20.50          0.4276           0.172
20.50          0.4457          0.1588
20.50          0.4639           0.146
20.50           0.482          0.1337
20.50          0.5001          0.1219
20.50          0.5183          0.1106
20.50          0.5364         0.09982
20.50          0.5546         0.08965
20.50          0.5727         0.08007
20.50          0.5909         0.07111
20.50           0.609         0.06275
20.50          0.6271           0.055
20.50          0.6453         0.04787
20.50          0.6634         0.04133
20.50          0.6816         0.03539
20.50          0.6997         0.03002
20.50          0.7179         0.02521
20.50           0.736         0.02094
20.50          0.7541         0.01717
20.50          0.7723         0.01389
20.50          0.7904         0.01106
20.50          0.8086        0.008647
20.50          0.8267        0.006625
20.50          0.8449        0.004955
20.50           0.863        0.003603
20.50          0.8811        0.002535
20.50          0.8993        0.001711
20.50          0.9174        0.001095
20.50          0.9356       0.0006526
20.50          0.9537       0.0003515
20.50          0.9719        0.000158
20.50            0.99       4.234e-05
51.50         0.06866          0.4165
51.50         0.08286          0.4098
51.50             0.1           0.398
51.50           0.101          0.3973
51.50          0.1191           0.384
51.50          0.1373           0.371
51.50          0.1554          0.3583
51.50          0.1736          0.3458
51.50          0.1917          0.3332
51.50          0.2099          0.3203
51.50           0.228          0.3072
51.50          0.2461          0.2937
51.50          0.2643          0.2799
51.50          0.2824          0.2658
51.50          0.3006          0.2515
51.50          0.3187          0.2372
51.50          0.3369          0.2228
51.50           0.355          0.2085
51.50          0.3731          0.1943
51.50          0.3913          0.1804
51.50          0.4094          0.1668
51.50          0.4276          0.1536
51.50          0.4457          0.1408
51.50          0.4639          0.1285
51.50           0.482          0.1167
51.50          0.5001          0.1055
51.50          0.5183         0.09485
51.50          0.5364         0.08483
51.50          0.5546         0.07542
51.50          0.5727         0.06664
51.50          0.5909          0.0585
51.50           0.609         0.05098
51.50          0.6271         0.04409
51.50          0.6453         0.03781
51.50          0.6634         0.03213
51.50          0.6816         0.02703
51.50          0.6997         0.02249
51.50          0.7179         0.01848
51.50           0.736         0.01498
51.50          0.7541         0.01196
51.50          0.7723        0.009378
51.50          0.7904        0.007209
51.50          0.8086        0.005414
51.50          0.8267        0.003955
51.50          0.8449        0.002793
51.50           0.863        0.001893
51.50          0.8811        0.001218
51.50          0.8993       0.0007277
51.50          0.9174       0.0003865
51.50          0.9356       0.0001617
51.50          0.9537       2.295e-05
51.50          0.9719      -5.985e-05
51.50            0.99      -0.0001148
129.20          0.1736          0.3329
129.20          0.1917          0.3208
129.20          0.2099          0.3079
129.20           0.228          0.2943
129.20          0.2461          0.2803
129.20          0.2643           0.266
129.20          0.2824          0.2514
129.20          0.3006          0.2367
129.20          0.3187           0.222
129.20          0.3369          0.2074
129.20           0.355          0.1931
129.20          0.3731           0.179
129.20          0.3913          0.1652
129.20          0.4094          0.1519
129.20          0.4276           0.139
129.20          0.4457          0.1267
129.20          0.4639          0.1149
129.20           0.482          0.1037
129.20          0.5001         0.09316
129.20          0.5183         0.08321
129.20          0.5364         0.07389
129.20          0.5546         0.06521
129.20          0.5727         0.05718
129.20          0.5909         0.04978
129.20           0.609         0.04301
129.20          0.6271         0.03685
129.20          0.6453         0.03129
129.20          0.6634         0.02631
129.20          0.6816         0.02188
129.20          0.6997         0.01798
129.20          0.7179         0.01458
129.20           0.736         0.01164
129.20          0.7541        0.009142
129.20          0.7723        0.007037
129.20          0.7904        0.005296
129.20          0.8086        0.003881
129.20          0.8267        0.002752
129.20          0.8449        0.001875
129.20           0.863        0.001212
129.20          0.8811       0.0007308
129.20          0.8993       0.0003929
129.20          0.9174       0.0001662
129.20          0.9356       2.234e-05
129.20          0.9537      -6.434e-05
129.20          0.9719      -0.0001185
129.20            0.99      -0.0001621
514.50          0.6453         0.02596
514.50          0.6634          0.0216
514.50          0.6816         0.01777
514.50          0.6997         0.01442
514.50          0.7179         0.01154
514.50           0.736        0.009086
514.50          0.7541        0.007021
514.50          0.7723         0.00531
514.50          0.7904        0.003919
514.50          0.8086        0.002808
514.50          0.8267        0.001938
514.50          0.8449        0.001276
514.50           0.863       0.0007869
514.50          0.8811       0.0004402
514.50          0.8993       0.0002026
514.50          0.9174       4.621e-05
514.50          0.9356      -5.231e-05
514.50          0.9537      -0.0001135
514.50          0.9719       -0.000156
514.50            0.99      -0.0001948
