2.05        0.002812          0.9477
2.05        0.003393          0.7442
2.05        0.004095          0.6087
2.05        0.004942          0.5217
2.05        0.005964          0.4656
2.05        0.007197           0.429
2.05        0.008685          0.4042
2.05         0.01048          0.3864
2.05         0.01265          0.3736
2.05         0.01526          0.3652
2.05         0.01842          0.3592
2.05         0.02223          0.3557
2.05         0.02683          0.3539
2.05         0.03237          0.3524
2.05         0.03907          0.3484
2.05         0.04715          0.3466
2.05          0.0569          0.3467
2.05         0.06866          0.3465
2.05         0.08286           0.346
2.05             0.1          0.3445
2.05           0.101          0.3445
2.05          0.1191          0.3468
2.05          0.1373           0.348
2.05          0.1554          0.3478
2.05          0.1736          0.3478
2.05          0.1917          0.3463
2.05          0.2099          0.3426
2.05           0.228          0.3373
2.05          0.2461          0.3312
2.05          0.2643          0.3245
2.05          0.2824          0.3167
2.05          0.3006           0.308
2.05          0.3187          0.2979
2.05          0.3369          0.2867
2.05           0.355          0.2744
2.05          0.3731          0.2645
2.05          0.3913          0.2527
2.05          0.4094          0.2418
2.05          0.4276          0.2303
2.05          0.4457          0.2183
2.05          0.4639          0.2069
2.05           0.482          0.1946
2.05          0.5001           0.183
2.05          0.5183          0.1719
2.05          0.5364          0.1602
2.05          0.5546          0.1496
2.05          0.5727          0.1395
2.05          0.5909          0.1292
2.05           0.609          0.1195
2.05          0.6271           0.111
2.05          0.6453          0.1032
2.05          0.6634         0.09573
2.05          0.6816         0.08782
2.05          0.6997         0.08096
2.05          0.7179         0.07482
2.05           0.736         0.06843
2.05          0.7541         0.06245
2.05          0.7723         0.05764
2.05          0.7904         0.05285
2.05          0.8086         0.04847
2.05          0.8267         0.04417
2.05          0.8449         0.04009
2.05           0.863         0.03619
2.05          0.8811         0.03228
2.05          0.8993         0.02896
2.05          0.9174         0.02624
2.05          0.9356         0.02379
2.05          0.9537         0.02153
2.05          0.9719         0.01937
2.05            0.99         0.01736
5.15        0.007197          0.6769
5.15        0.008685           0.593
5.15         0.01048          0.5345
5.15         0.01265          0.4938
5.15         0.01526          0.4652
5.15         0.01842          0.4441
5.15         0.02223          0.4281
5.15         0.02683          0.4153
5.15         0.03237           0.404
5.15         0.03907          0.3936
5.15         0.04715          0.3857
5.15          0.0569          0.3796
5.15         0.06866          0.3739
5.15         0.08286          0.3693
5.15             0.1          0.3645
5.15           0.101          0.3642
5.15          0.1191          0.3603
5.15          0.1373          0.3573
5.15          0.1554          0.3535
5.15          0.1736          0.3496
5.15          0.1917          0.3441
5.15          0.2099          0.3371
5.15           0.228          0.3291
5.15          0.2461          0.3204
5.15          0.2643           0.311
5.15          0.2824          0.3007
5.15          0.3006          0.2893
5.15          0.3187           0.277
5.15          0.3369          0.2646
5.15           0.355          0.2523
5.15          0.3731          0.2399
5.15          0.3913          0.2273
5.15          0.4094          0.2143
5.15          0.4276          0.2013
5.15          0.4457          0.1883
5.15          0.4639          0.1752
5.15           0.482          0.1628
5.15          0.5001          0.1502
5.15          0.5183          0.1384
5.15          0.5364          0.1269
5.15          0.5546          0.1156
5.15          0.5727          0.1056
5.15          0.5909         0.09614
5.15           0.609         0.08694
5.15          0.6271         0.07852
5.15          0.6453         0.06887
5.15          0.6634         0.06434
5.15          0.6816         0.05511
5.15          0.6997         0.04758
5.15          0.7179         0.04209
5.15           0.736         0.03675
5.15          0.7541         0.03164
5.15          0.7723          0.0272
5.15          0.7904         0.02355
5.15          0.8086         0.02027
5.15          0.8267         0.01725
5.15          0.8449         0.01461
5.15           0.863         0.01236
5.15          0.8811          0.0105
5.15          0.8993        0.008943
5.15          0.9174        0.007591
5.15          0.9356        0.006393
5.15          0.9537        0.005351
5.15          0.9719        0.004439
5.15            0.99        0.003645
8.15         0.01048          0.6254
8.15         0.01265          0.5668
8.15         0.01526          0.5234
8.15         0.01842          0.4913
8.15         0.02223          0.4671
8.15         0.02683          0.4478
8.15         0.03237          0.4314
8.15         0.03907          0.4169
8.15         0.04715          0.4053
8.15          0.0569          0.3956
8.15         0.06866          0.3866
8.15         0.08286          0.3791
8.15             0.1          0.3716
8.15           0.101          0.3712
8.15          0.1191          0.3648
8.15          0.1373          0.3596
8.15          0.1554          0.3539
8.15          0.1736          0.3482
8.15          0.1917           0.341
8.15          0.2099          0.3327
8.15           0.228          0.3234
8.15          0.2461          0.3136
8.15          0.2643           0.303
8.15          0.2824          0.2917
8.15          0.3006          0.2795
8.15          0.3187          0.2667
8.15          0.3369          0.2537
8.15           0.355          0.2411
8.15          0.3731           0.228
8.15          0.3913           0.215
8.15          0.4094          0.2016
8.15          0.4276          0.1885
8.15          0.4457          0.1751
8.15          0.4639          0.1622
8.15           0.482          0.1495
8.15          0.5001          0.1371
8.15          0.5183          0.1255
8.15          0.5364          0.1139
8.15          0.5546          0.1033
8.15          0.5727         0.09359
8.15          0.5909         0.08413
8.15           0.609         0.07563
8.15          0.6271         0.06589
8.15          0.6453         0.06087
8.15          0.6634         0.05188
8.15          0.6816         0.04433
8.15          0.6997         0.03858
8.15          0.7179         0.03318
8.15           0.736         0.02805
8.15          0.7541         0.02387
8.15          0.7723         0.02029
8.15          0.7904         0.01703
8.15          0.8086         0.01418
8.15          0.8267         0.01178
8.15          0.8449        0.009806
8.15           0.863        0.008168
8.15          0.8811        0.006748
8.15          0.8993        0.005522
8.15          0.9174        0.004468
8.15          0.9356        0.003564
8.15          0.9537        0.002799
8.15          0.9719         0.00216
8.15            0.99        0.001657
12.90         0.01842           0.536
12.90         0.02223          0.5056
12.90         0.02683          0.4805
12.90         0.03237           0.459
12.90         0.03907          0.4404
12.90         0.04715          0.4248
12.90          0.0569          0.4113
12.90         0.06866           0.399
12.90         0.08286          0.3883
12.90             0.1          0.3778
12.90           0.101          0.3773
12.90          0.1191          0.3684
12.90          0.1373           0.361
12.90          0.1554          0.3535
12.90          0.1736           0.346
12.90          0.1917          0.3373
12.90          0.2099          0.3276
12.90           0.228          0.3172
12.90          0.2461          0.3063
12.90          0.2643          0.2948
12.90          0.2824          0.2826
12.90          0.3006          0.2697
12.90          0.3187          0.2564
12.90          0.3369           0.243
12.90           0.355          0.2299
12.90          0.3731          0.2165
12.90          0.3913          0.2032
12.90          0.4094          0.1897
12.90          0.4276          0.1764
12.90          0.4457          0.1631
12.90          0.4639          0.1503
12.90           0.482          0.1377
12.90          0.5001          0.1256
12.90          0.5183          0.1141
12.90          0.5364           0.103
12.90          0.5546         0.09287
12.90          0.5727         0.08336
12.90          0.5909         0.07441
12.90           0.609         0.06578
12.90          0.6271          0.0578
12.90          0.6453         0.05137
12.90          0.6634         0.04296
12.90          0.6816         0.03715
12.90          0.6997         0.03167
12.90          0.7179         0.02662
12.90           0.736         0.02237
12.90          0.7541         0.01879
12.90          0.7723         0.01558
12.90          0.7904         0.01279
12.90          0.8086         0.01048
12.90          0.8267        0.008589
12.90          0.8449        0.007026
12.90           0.863        0.005671
12.90          0.8811        0.004521
12.90          0.8993        0.003546
12.90          0.9174        0.002728
12.90          0.9356        0.002052
12.90          0.9537        0.001525
12.90          0.9719        0.001101
12.90            0.99       0.0007438
20.50         0.02683           0.502
20.50         0.03237          0.4808
20.50         0.03907          0.4607
20.50         0.04715          0.4425
20.50          0.0569           0.426
20.50         0.06866          0.4106
20.50         0.08286          0.3968
20.50             0.1          0.3835
20.50           0.101          0.3828
20.50          0.1191          0.3715
20.50          0.1373           0.362
20.50          0.1554          0.3527
20.50          0.1736          0.3435
20.50          0.1917          0.3333
20.50          0.2099          0.3224
20.50           0.228           0.311
20.50          0.2461          0.2991
20.50          0.2643          0.2867
20.50          0.2824          0.2738
20.50          0.3006          0.2603
20.50          0.3187          0.2466
20.50          0.3369          0.2328
20.50           0.355          0.2194
20.50          0.3731          0.2058
20.50          0.3913          0.1923
20.50          0.4094          0.1787
20.50          0.4276          0.1654
20.50          0.4457          0.1522
20.50          0.4639          0.1396
20.50           0.482          0.1272
20.50          0.5001          0.1155
20.50          0.5183          0.1043
20.50          0.5364         0.09368
20.50          0.5546           0.084
20.50          0.5727         0.07479
20.50          0.5909         0.06633
20.50           0.609         0.05737
20.50          0.6271         0.05109
20.50          0.6453         0.04375
20.50          0.6634         0.03701
20.50          0.6816         0.03156
20.50          0.6997         0.02654
20.50          0.7179         0.02206
20.50           0.736          0.0184
20.50          0.7541         0.01518
20.50          0.7723         0.01238
20.50          0.7904         0.01004
20.50          0.8086        0.008138
20.50          0.8267        0.006574
20.50          0.8449         0.00524
20.50           0.863        0.004118
20.50          0.8811        0.003174
20.50          0.8993        0.002395
20.50          0.9174         0.00176
20.50          0.9356        0.001271
20.50          0.9537       0.0008794
20.50          0.9719       0.0005595
20.50            0.99        0.000318
51.50         0.06866           0.419
51.50         0.08286          0.4055
51.50             0.1            0.39
51.50           0.101          0.3892
51.50          0.1191          0.3748
51.50          0.1373          0.3621
51.50          0.1554          0.3498
51.50          0.1736          0.3378
51.50          0.1917          0.3252
51.50          0.2099          0.3122
51.50           0.228          0.2989
51.50          0.2461          0.2855
51.50          0.2643          0.2717
51.50          0.2824          0.2575
51.50          0.3006          0.2432
51.50          0.3187          0.2289
51.50          0.3369          0.2147
51.50           0.355          0.2008
51.50          0.3731           0.187
51.50          0.3913          0.1733
51.50          0.4094          0.1599
51.50          0.4276          0.1468
51.50          0.4457          0.1341
51.50          0.4639          0.1219
51.50           0.482          0.1102
51.50          0.5001          0.0992
51.50          0.5183         0.08872
51.50          0.5364         0.07905
51.50          0.5546         0.07015
51.50          0.5727         0.06176
51.50          0.5909         0.05402
51.50           0.609         0.04687
51.50          0.6271         0.04038
51.50          0.6453         0.03459
51.50          0.6634         0.02934
51.50          0.6816         0.02452
51.50          0.6997         0.02022
51.50          0.7179         0.01664
51.50           0.736         0.01361
51.50          0.7541         0.01098
51.50          0.7723        0.008789
51.50          0.7904        0.007012
51.50          0.8086        0.005563
51.50          0.8267        0.004355
51.50          0.8449        0.003348
51.50           0.863        0.002519
51.50          0.8811        0.001846
51.50          0.8993        0.001313
51.50          0.9174       0.0009088
51.50          0.9356        0.000591
51.50          0.9537        0.000346
51.50          0.9719       0.0001748
51.50            0.99        6.62e-05
129.20          0.1736          0.3294
129.20          0.1917          0.3165
129.20          0.2099          0.3029
129.20           0.228          0.2888
129.20          0.2461          0.2744
129.20          0.2643          0.2597
129.20          0.2824          0.2449
129.20          0.3006          0.2299
129.20          0.3187          0.2152
129.20          0.3369          0.2007
129.20           0.355          0.1866
129.20          0.3731          0.1727
129.20          0.3913           0.159
129.20          0.4094          0.1458
129.20          0.4276           0.133
129.20          0.4457          0.1207
129.20          0.4639           0.109
129.20           0.482          0.0979
129.20          0.5001         0.08753
129.20          0.5183         0.07776
129.20          0.5364         0.06881
129.20          0.5546         0.06057
129.20          0.5727          0.0529
129.20          0.5909         0.04589
129.20           0.609         0.03945
129.20          0.6271         0.03371
129.20          0.6453          0.0286
129.20          0.6634         0.02398
129.20          0.6816         0.01983
129.20          0.6997          0.0162
129.20          0.7179         0.01322
129.20           0.736         0.01068
129.20          0.7541        0.008517
129.20          0.7723        0.006748
129.20          0.7904        0.005322
129.20          0.8086        0.004158
129.20          0.8267        0.003191
129.20          0.8449          0.0024
129.20           0.863        0.001759
129.20          0.8811        0.001252
129.20          0.8993       0.0008623
129.20          0.9174       0.0005683
129.20          0.9356       0.0003416
129.20          0.9537       0.0001796
129.20          0.9719       7.615e-05
129.20            0.99       2.001e-05
514.50          0.6453         0.02369
514.50          0.6634         0.01964
514.50          0.6816         0.01608
514.50          0.6997         0.01303
514.50          0.7179         0.01051
514.50           0.736        0.008357
514.50          0.7541        0.006588
514.50          0.7723        0.005167
514.50          0.7904        0.004015
514.50          0.8086        0.003078
514.50          0.8267        0.002314
514.50          0.8449        0.001701
514.50           0.863        0.001214
514.50          0.8811       0.0008395
514.50          0.8993       0.0005651
514.50          0.9174       0.0003563
514.50          0.9356       0.0002019
514.50          0.9537        9.81e-05
514.50          0.9719        3.56e-05
514.50            0.99       5.894e-06
