2.00       2.121e-05           1.978
2.00        2.56e-05           1.514
2.00       3.089e-05           1.223
2.00       3.728e-05           1.032
2.00       4.498e-05           0.909
2.00       5.429e-05          0.8273
2.00       6.551e-05          0.7712
2.00       7.906e-05          0.7306
2.00       9.541e-05          0.6995
2.00       0.0001151          0.6744
2.00       0.0001389          0.6529
2.00       0.0001677          0.6338
2.00       0.0002024          0.6161
2.00       0.0002442          0.5993
2.00       0.0002947          0.5832
2.00       0.0003556          0.5675
2.00       0.0004292          0.5521
2.00       0.0005179           0.537
2.00       0.0006251          0.5221
2.00       0.0007543          0.5074
2.00       0.0009103          0.4929
2.00        0.001099          0.4786
2.00        0.001326          0.4647
2.00          0.0016          0.4511
2.00        0.001931           0.438
2.00         0.00233          0.4253
2.00        0.002812          0.4132
2.00        0.003393          0.4019
2.00        0.004095          0.3912
2.00        0.004942          0.3814
2.00        0.005964          0.3725
2.00        0.007197          0.3645
2.00        0.008685          0.3576
2.00         0.01048          0.3518
2.00         0.01265          0.3472
2.00         0.01526          0.3426
2.00         0.01842          0.3281
2.00         0.02223          0.3411
2.00         0.02683          0.3472
2.00         0.03237          0.3467
2.00         0.03907          0.3466
2.00         0.04715          0.3467
2.00          0.0569          0.3469
2.00         0.06866          0.3472
2.00         0.08286          0.3477
2.00             0.1          0.3485
2.00           0.101          0.3486
2.00          0.1191          0.3494
2.00          0.1373          0.3499
2.00          0.1554            0.35
2.00          0.1736          0.3496
2.00          0.1917          0.3483
2.00          0.2099          0.3465
2.00           0.228          0.3431
2.00          0.2461          0.3398
2.00          0.2643          0.3344
2.00          0.2824           0.328
2.00          0.3006          0.3206
2.00          0.3187          0.3124
2.00          0.3369          0.3033
2.00           0.355          0.2934
2.00          0.3731          0.2829
2.00          0.3913          0.2717
2.00          0.4094            0.26
2.00          0.4276          0.2479
2.00          0.4457          0.2353
2.00          0.4639          0.2226
2.00           0.482          0.2096
2.00          0.5001          0.1965
2.00          0.5183          0.1834
2.00          0.5364          0.1703
2.00          0.5546          0.1574
2.00          0.5727          0.1447
2.00          0.5909          0.1322
2.00           0.609          0.1202
2.00          0.6271          0.1085
2.00          0.6453         0.09727
2.00          0.6634         0.08656
2.00          0.6816          0.0764
2.00          0.6997         0.06684
2.00          0.7179          0.0579
2.00           0.736         0.04961
2.00          0.7541         0.04198
2.00          0.7723         0.03502
2.00          0.7904         0.02874
2.00          0.8086         0.02315
2.00          0.8267          0.0182
2.00          0.8449         0.01393
2.00           0.863         0.01029
2.00          0.8811        0.007274
2.00          0.8993        0.004843
2.00          0.9174        0.002967
2.00          0.9356        0.001602
2.00          0.9537       0.0007001
2.00          0.9719       0.0001988
2.00            0.99       1.404e-05
3.50       3.728e-05           1.861
3.50       4.498e-05            1.53
3.50       5.429e-05           1.306
3.50       6.551e-05           1.157
3.50       7.906e-05           1.055
3.50       9.541e-05          0.9838
3.50       0.0001151          0.9304
3.50       0.0001389          0.8881
3.50       0.0001677          0.8528
3.50       0.0002024          0.8219
3.50       0.0002442          0.7938
3.50       0.0002947          0.7677
3.50       0.0003556          0.7429
3.50       0.0004292          0.7191
3.50       0.0005179          0.6961
3.50       0.0006251          0.6739
3.50       0.0007543          0.6522
3.50       0.0009103          0.6311
3.50        0.001099          0.6105
3.50        0.001326          0.5904
3.50          0.0016          0.5709
3.50        0.001931           0.552
3.50         0.00233          0.5337
3.50        0.002812          0.5162
3.50        0.003393          0.4994
3.50        0.004095          0.4835
3.50        0.004942          0.4685
3.50        0.005964          0.4545
3.50        0.007197          0.4415
3.50        0.008685          0.4297
3.50         0.01048          0.4189
3.50         0.01265          0.4093
3.50         0.01526          0.4009
3.50         0.01842          0.3934
3.50         0.02223          0.3869
3.50         0.02683          0.3811
3.50         0.03237          0.3762
3.50         0.03907          0.3767
3.50         0.04715          0.3736
3.50          0.0569          0.3699
3.50         0.06866          0.3667
3.50         0.08286          0.3641
3.50             0.1          0.3619
3.50           0.101          0.3618
3.50          0.1191          0.3599
3.50          0.1373          0.3579
3.50          0.1554          0.3554
3.50          0.1736          0.3523
3.50          0.1917          0.3483
3.50          0.2099          0.3434
3.50           0.228          0.3374
3.50          0.2461          0.3305
3.50          0.2643          0.3226
3.50          0.2824          0.3138
3.50          0.3006          0.3042
3.50          0.3187          0.2938
3.50          0.3369          0.2827
3.50           0.355          0.2714
3.50          0.3731          0.2596
3.50          0.3913           0.247
3.50          0.4094          0.2342
3.50          0.4276          0.2211
3.50          0.4457          0.2079
3.50          0.4639          0.1947
3.50           0.482          0.1816
3.50          0.5001          0.1685
3.50          0.5183          0.1557
3.50          0.5364          0.1431
3.50          0.5546          0.1308
3.50          0.5727          0.1189
3.50          0.5909          0.1075
3.50           0.609         0.09659
3.50          0.6271          0.0862
3.50          0.6453         0.07637
3.50          0.6634         0.06714
3.50          0.6816         0.05852
3.50          0.6997         0.05054
3.50          0.7179         0.04319
3.50           0.736         0.03649
3.50          0.7541         0.03043
3.50          0.7723           0.025
3.50          0.7904         0.02019
3.50          0.8086         0.01599
3.50          0.8267         0.01234
3.50          0.8449        0.009258
3.50           0.863        0.006696
3.50          0.8811        0.004621
3.50          0.8993        0.002995
3.50          0.9174        0.001778
3.50          0.9356       0.0009247
3.50          0.9537       0.0003853
3.50          0.9719       0.0001022
3.50            0.99       6.278e-06
6.50       6.551e-05           1.822
6.50       7.906e-05           1.601
6.50       9.541e-05           1.435
6.50       0.0001151           1.314
6.50       0.0001389           1.227
6.50       0.0001677           1.159
6.50       0.0002024           1.103
6.50       0.0002442           1.056
6.50       0.0002947           1.013
6.50       0.0003556          0.9737
6.50       0.0004292          0.9367
6.50       0.0005179          0.9016
6.50       0.0006251          0.8679
6.50       0.0007543          0.8354
6.50       0.0009103          0.8041
6.50        0.001099          0.7738
6.50        0.001326          0.7445
6.50          0.0016          0.7161
6.50        0.001931          0.6887
6.50         0.00233          0.6622
6.50        0.002812          0.6368
6.50        0.003393          0.6124
6.50        0.004095          0.5891
6.50        0.004942          0.5671
6.50        0.005964          0.5462
6.50        0.007197          0.5267
6.50        0.008685          0.5085
6.50         0.01048          0.4916
6.50         0.01265          0.4761
6.50         0.01526          0.4618
6.50         0.01842          0.4487
6.50         0.02223          0.4367
6.50         0.02683          0.4256
6.50         0.03237          0.4154
6.50         0.03907          0.4059
6.50         0.04715           0.397
6.50          0.0569          0.3887
6.50         0.06866          0.3836
6.50         0.08286          0.3786
6.50             0.1          0.3726
6.50           0.101          0.3723
6.50          0.1191           0.367
6.50          0.1373          0.3621
6.50          0.1554           0.357
6.50          0.1736          0.3512
6.50          0.1917          0.3447
6.50          0.2099          0.3374
6.50           0.228          0.3291
6.50          0.2461          0.3199
6.50          0.2643            0.31
6.50          0.2824          0.2992
6.50          0.3006          0.2878
6.50          0.3187          0.2759
6.50          0.3369          0.2634
6.50           0.355          0.2506
6.50          0.3731          0.2375
6.50          0.3913          0.2241
6.50          0.4094          0.2107
6.50          0.4276          0.1973
6.50          0.4457          0.1839
6.50          0.4639          0.1707
6.50           0.482          0.1578
6.50          0.5001          0.1454
6.50          0.5183          0.1333
6.50          0.5364          0.1214
6.50          0.5546            0.11
6.50          0.5727          0.0991
6.50          0.5909         0.08872
6.50           0.609         0.07892
6.50          0.6271         0.06972
6.50          0.6453         0.06113
6.50          0.6634         0.05317
6.50          0.6816         0.04583
6.50          0.6997         0.03913
6.50          0.7179         0.03305
6.50           0.736         0.02758
6.50          0.7541          0.0227
6.50          0.7723          0.0184
6.50          0.7904         0.01464
6.50          0.8086         0.01142
6.50          0.8267         0.00867
6.50          0.8449        0.006389
6.50           0.863        0.004531
6.50          0.8811         0.00306
6.50          0.8993        0.001935
6.50          0.9174        0.001116
6.50          0.9356        0.000561
6.50          0.9537       0.0002237
6.50          0.9719       5.577e-05
6.50            0.99       3.014e-06
10.00       0.0001151           1.653
10.00       0.0001389           1.516
10.00       0.0001677           1.413
10.00       0.0002024           1.333
10.00       0.0002442           1.267
10.00       0.0002947           1.209
10.00       0.0003556           1.157
10.00       0.0004292           1.108
10.00       0.0005179           1.062
10.00       0.0006251           1.019
10.00       0.0007543          0.9771
10.00       0.0009103           0.937
10.00        0.001099          0.8983
10.00        0.001326          0.8611
10.00          0.0016          0.8252
10.00        0.001931          0.7906
10.00         0.00233          0.7573
10.00        0.002812          0.7253
10.00        0.003393          0.6947
10.00        0.004095          0.6656
10.00        0.004942          0.6378
10.00        0.005964          0.6116
10.00        0.007197          0.5869
10.00        0.008685          0.5637
10.00         0.01048          0.5421
10.00         0.01265           0.522
10.00         0.01526          0.5034
10.00         0.01842          0.4861
10.00         0.02223          0.4701
10.00         0.02683          0.4552
10.00         0.03237          0.4413
10.00         0.03907          0.4283
10.00         0.04715          0.4162
10.00          0.0569           0.405
10.00         0.06866          0.3945
10.00         0.08286          0.3858
10.00             0.1          0.3778
10.00           0.101          0.3773
10.00          0.1191          0.3701
10.00          0.1373          0.3638
10.00          0.1554          0.3567
10.00          0.1736          0.3493
10.00          0.1917          0.3413
10.00          0.2099          0.3324
10.00           0.228          0.3228
10.00          0.2461          0.3124
10.00          0.2643          0.3013
10.00          0.2824          0.2896
10.00          0.3006          0.2773
10.00          0.3187          0.2646
10.00          0.3369          0.2514
10.00           0.355          0.2381
10.00          0.3731          0.2245
10.00          0.3913          0.2109
10.00          0.4094          0.1974
10.00          0.4276          0.1839
10.00          0.4457          0.1706
10.00          0.4639          0.1576
10.00           0.482          0.1449
10.00          0.5001          0.1326
10.00          0.5183          0.1207
10.00          0.5364          0.1093
10.00          0.5546         0.09856
10.00          0.5727         0.08839
10.00          0.5909         0.07868
10.00           0.609         0.06957
10.00          0.6271         0.06109
10.00          0.6453         0.05343
10.00          0.6634         0.04617
10.00          0.6816         0.03955
10.00          0.6997         0.03354
10.00          0.7179         0.02811
10.00           0.736         0.02329
10.00          0.7541         0.01902
10.00          0.7723         0.01529
10.00          0.7904         0.01207
10.00          0.8086        0.009328
10.00          0.8267        0.007012
10.00          0.8449        0.005112
10.00           0.863        0.003584
10.00          0.8811        0.002388
10.00          0.8993        0.001488
10.00          0.9174       0.0008439
10.00          0.9356       0.0004153
10.00          0.9537       0.0001613
10.00          0.9719        3.87e-05
10.00            0.99       1.936e-06
22.00       0.0002442            1.64
22.00       0.0002947            1.57
22.00       0.0003556           1.505
22.00       0.0004292           1.441
22.00       0.0005179           1.378
22.00       0.0006251           1.317
22.00       0.0007543           1.257
22.00       0.0009103           1.199
22.00        0.001099           1.143
22.00        0.001326           1.089
22.00          0.0016           1.038
22.00        0.001931          0.9879
22.00         0.00233          0.9402
22.00        0.002812          0.8945
22.00        0.003393          0.8509
22.00        0.004095          0.8094
22.00        0.004942            0.77
22.00        0.005964          0.7327
22.00        0.007197          0.6975
22.00        0.008685          0.6645
22.00         0.01048          0.6334
22.00         0.01265          0.6044
22.00         0.01526          0.5773
22.00         0.01842           0.552
22.00         0.02223          0.5283
22.00         0.02683          0.5062
22.00         0.03237          0.4855
22.00         0.03907           0.466
22.00         0.04715          0.4479
22.00          0.0569           0.431
22.00         0.06866          0.4154
22.00         0.08286           0.401
22.00             0.1          0.3875
22.00           0.101          0.3868
22.00          0.1191          0.3751
22.00          0.1373          0.3646
22.00          0.1554          0.3546
22.00          0.1736          0.3444
22.00          0.1917           0.334
22.00          0.2099          0.3233
22.00           0.228          0.3117
22.00          0.2461          0.2994
22.00          0.2643          0.2867
22.00          0.2824          0.2736
22.00          0.3006          0.2601
22.00          0.3187          0.2463
22.00          0.3369          0.2324
22.00           0.355          0.2185
22.00          0.3731          0.2046
22.00          0.3913          0.1908
22.00          0.4094          0.1771
22.00          0.4276          0.1638
22.00          0.4457          0.1508
22.00          0.4639          0.1382
22.00           0.482          0.1261
22.00          0.5001          0.1144
22.00          0.5183          0.1034
22.00          0.5364         0.09287
22.00          0.5546         0.08292
22.00          0.5727         0.07362
22.00          0.5909         0.06495
22.00           0.609         0.05692
22.00          0.6271         0.04951
22.00          0.6453         0.04273
22.00          0.6634         0.03656
22.00          0.6816         0.03099
22.00          0.6997           0.026
22.00          0.7179         0.02157
22.00           0.736         0.01766
22.00          0.7541         0.01425
22.00          0.7723         0.01134
22.00          0.7904        0.008889
22.00          0.8086        0.006767
22.00          0.8267        0.005008
22.00          0.8449         0.00359
22.00           0.863         0.00247
22.00          0.8811        0.001612
22.00          0.8993       0.0009812
22.00          0.9174       0.0005413
22.00          0.9356       0.0002576
22.00          0.9537       9.582e-05
22.00          0.9719       2.163e-05
22.00            0.99       9.551e-07
60.00       0.0006251           1.535
60.00       0.0007543            1.53
60.00       0.0009103           1.489
60.00        0.001099           1.433
60.00        0.001326           1.371
60.00          0.0016           1.305
60.00        0.001931           1.238
60.00         0.00233           1.173
60.00        0.002812           1.109
60.00        0.003393           1.048
60.00        0.004095            0.99
60.00        0.004942          0.9346
60.00        0.005964          0.8821
60.00        0.007197          0.8326
60.00        0.008685           0.786
60.00         0.01048          0.7423
60.00         0.01265          0.7014
60.00         0.01526          0.6632
60.00         0.01842          0.6274
60.00         0.02223          0.5939
60.00         0.02683          0.5627
60.00         0.03237          0.5334
60.00         0.03907          0.5061
60.00         0.04715          0.4807
60.00          0.0569          0.4571
60.00         0.06866          0.4353
60.00         0.08286          0.4151
60.00             0.1          0.3962
60.00           0.101          0.3952
60.00          0.1191          0.3789
60.00          0.1373          0.3646
60.00          0.1554          0.3512
60.00          0.1736          0.3381
60.00          0.1917          0.3249
60.00          0.2099          0.3116
60.00           0.228           0.298
60.00          0.2461          0.2841
60.00          0.2643          0.2699
60.00          0.2824          0.2556
60.00          0.3006          0.2412
60.00          0.3187          0.2267
60.00          0.3369          0.2124
60.00           0.355          0.1982
60.00          0.3731          0.1842
60.00          0.3913          0.1705
60.00          0.4094          0.1572
60.00          0.4276          0.1442
60.00          0.4457          0.1318
60.00          0.4639          0.1199
60.00           0.482          0.1085
60.00          0.5001         0.09773
60.00          0.5183         0.08757
60.00          0.5364         0.07804
60.00          0.5546         0.06908
60.00          0.5727         0.06081
60.00          0.5909         0.05318
60.00           0.609         0.04618
60.00          0.6271          0.0398
60.00          0.6453         0.03402
60.00          0.6634         0.02883
60.00          0.6816         0.02419
60.00          0.6997         0.02008
60.00          0.7179         0.01647
60.00           0.736         0.01333
60.00          0.7541         0.01062
60.00          0.7723        0.008321
60.00          0.7904        0.006389
60.00          0.8086        0.004795
60.00          0.8267        0.003492
60.00          0.8449        0.002457
60.00           0.863        0.001658
60.00          0.8811        0.001067
60.00          0.8993       0.0006341
60.00          0.9174       0.0003404
60.00          0.9356        0.000157
60.00          0.9537       5.578e-05
60.00          0.9719       1.179e-05
60.00            0.99       4.565e-07
120.00        0.001326           1.432
120.00          0.0016           1.408
120.00        0.001931           1.362
120.00         0.00233           1.304
120.00        0.002812           1.239
120.00        0.003393           1.171
120.00        0.004095           1.105
120.00        0.004942            1.04
120.00        0.005964          0.9781
120.00        0.007197          0.9192
120.00        0.008685          0.8636
120.00         0.01048          0.8113
120.00         0.01265          0.7622
120.00         0.01526          0.7164
120.00         0.01842          0.6736
120.00         0.02223          0.6336
120.00         0.02683          0.5963
120.00         0.03237          0.5615
120.00         0.03907          0.5291
120.00         0.04715           0.499
120.00          0.0569          0.4712
120.00         0.06866          0.4456
120.00         0.08286           0.422
120.00             0.1          0.3998
120.00           0.101          0.3987
120.00          0.1191          0.3797
120.00          0.1373          0.3631
120.00          0.1554          0.3478
120.00          0.1736          0.3331
120.00          0.1917          0.3185
120.00          0.2099          0.3039
120.00           0.228          0.2893
120.00          0.2461          0.2745
120.00          0.2643          0.2597
120.00          0.2824          0.2448
120.00          0.3006            0.23
120.00          0.3187          0.2153
120.00          0.3369          0.2008
120.00           0.355          0.1865
120.00          0.3731          0.1725
120.00          0.3913           0.159
120.00          0.4094          0.1459
120.00          0.4276          0.1333
120.00          0.4457          0.1212
120.00          0.4639          0.1097
120.00           0.482         0.09884
120.00          0.5001         0.08859
120.00          0.5183         0.07899
120.00          0.5364         0.07006
120.00          0.5546         0.06169
120.00          0.5727         0.05417
120.00          0.5909         0.04714
120.00           0.609         0.04072
120.00          0.6271         0.03491
120.00          0.6453         0.02968
120.00          0.6634           0.025
120.00          0.6816         0.02085
120.00          0.6997          0.0172
120.00          0.7179         0.01402
120.00           0.736         0.01127
120.00          0.7541        0.008916
120.00          0.7723        0.006932
120.00          0.7904        0.005279
120.00          0.8086        0.003928
120.00          0.8267        0.002833
120.00          0.8449        0.001975
120.00           0.863        0.001317
120.00          0.8811       0.0008306
120.00          0.8993       0.0004859
120.00          0.9174       0.0002559
120.00          0.9356       0.0001151
120.00          0.9537       4.039e-05
120.00          0.9719       8.197e-06
120.00            0.99       2.932e-07
200.00         0.00233           1.314
200.00        0.002812           1.281
200.00        0.003393            1.23
200.00        0.004095            1.17
200.00        0.004942           1.105
200.00        0.005964            1.04
200.00        0.007197          0.9764
200.00        0.008685          0.9154
200.00         0.01048          0.8577
200.00         0.01265          0.8032
200.00         0.01526          0.7522
200.00         0.01842          0.7045
200.00         0.02223          0.6599
200.00         0.02683          0.6184
200.00         0.03237          0.5798
200.00         0.03907          0.5439
200.00         0.04715          0.5107
200.00          0.0569            0.48
200.00         0.06866          0.4518
200.00         0.08286          0.4258
200.00             0.1          0.4015
200.00           0.101          0.4003
200.00          0.1191          0.3795
200.00          0.1373          0.3615
200.00          0.1554           0.345
200.00          0.1736          0.3292
200.00          0.1917          0.3137
200.00          0.2099          0.2984
200.00           0.228          0.2832
200.00          0.2461          0.2679
200.00          0.2643          0.2526
200.00          0.2824          0.2375
200.00          0.3006          0.2224
200.00          0.3187          0.2076
200.00          0.3369           0.193
200.00           0.355          0.1788
200.00          0.3731          0.1649
200.00          0.3913          0.1515
200.00          0.4094          0.1386
200.00          0.4276          0.1262
200.00          0.4457          0.1145
200.00          0.4639          0.1033
200.00           0.482         0.09278
200.00          0.5001          0.0829
200.00          0.5183         0.07369
200.00          0.5364         0.06515
200.00          0.5546         0.05719
200.00          0.5727         0.04992
200.00          0.5909         0.04328
200.00           0.609         0.03725
200.00          0.6271         0.03182
200.00          0.6453         0.02694
200.00          0.6634          0.0226
200.00          0.6816         0.01884
200.00          0.6997         0.01549
200.00          0.7179         0.01257
200.00           0.736         0.01005
200.00          0.7541        0.007919
200.00          0.7723        0.006126
200.00          0.7904        0.004641
200.00          0.8086        0.003433
200.00          0.8267         0.00246
200.00          0.8449        0.001703
200.00           0.863        0.001127
200.00          0.8811       0.0007045
200.00          0.8993        0.000408
200.00          0.9174       0.0002123
200.00          0.9356       9.413e-05
200.00          0.9537       3.192e-05
200.00          0.9719        6.41e-06
200.00            0.99        2.17e-07
