2.   	0.247E-4  	0.766 	5.84 	319
2. 	0.293E-4  	0.787 	2.70 	319
2. 	0.327E-4  	0.855 	4.45 	301
2. 	0.500E-4  	0.859 	2.42 	301
2. 	0.500E-4  	0.825 	2.62 	319
2. 	0.800E-4  	0.764 	1.88 	319
2. 	0.130E-3  	0.727 	1.97 	319
2. 	0.200E-3  	0.684 	2.06 	319
2.	0.320E-3  	0.631 	2.29 	319
2. 	0.500E-3  	0.578 	2.69 	319
2.	0.100E-2  	0.512 	2.28 	319
2.	0.320E-2  	0.428 	2.59 	319
2.	0.130E-1  	0.358 	5.10 	301
3.5	0.432E-4	0.868	5.63	319
3.5	0.512E-4	0.937	3.54	319
3.5	0.573E-4	1.017	4.69	301
3.5	0.800E-4	0.979	1.87	301
3.5	0.800E-4	0.954	2.24	319
3.5	0.130E-3	0.922	1.27	319
3.5	0.200E-3	0.858	1.28	319
3.5	0.320E-3	0.795	1.36	319
3.5	0.500E-3	0.754	1.59	319
3.5	0.800E-3	0.663	1.56	319
3.5	0.130E-2	0.627	1.84	319
3.5	0.200E-2	0.571	1.24	319
3.5	0.800E-2	0.463	1.64	319
6.5	0.803E-4	1.078	4.76	319
6.5	0.951E-4	1.165	3.82	301
6.5	0.951E-4	1.05	4.1	319
6.5	0.130E-3	1.18	1.63	301
6.5	0.130E-3	1.122	2.9	319
6.5	0.200E-3	1.118	1.98	301
6.5	0.200E-3	1.131	1.43	319
6.5	0.320E-3	1.006	1.26	319
6.5	0.500E-3	0.938	1.56	319
6.5	0.800E-3	0.857	1.4	319
6.5	0.130E-2	0.761	1.52	319
6.5	0.200E-2	0.699	1.34	319
6.5	0.320E-2	0.644	1.61	319
6.5	0.500E-2	0.581	1.54	319
6.5	0.130E-1	0.485	2.31	319
6.5	0.200E-1	0.497	2.72	319
10	0.130E-3	1.141	5.9	301
10	0.200E-3	1.248	2.83	301
10	0.320E-3	1.153	2.36	319
10	0.500E-3	1.069	2.26	319
10	0.800E-3	0.983	2.37	319
10	0.130E-2	0.898	2.61	319
10	0.200E-2	0.809	2.81	319
10	0.500E-2	0.633	1.58	319
10	0.200E-1	0.516	2.09	319
22	0.500E-3	1.342	3.05	301
22	0.800E-3	1.269	2.42	319
22	0.130E-2	1.071	2.79	319
22	0.200E-2	1.019	2.94	319
22	0.320E-2	0.906	2.9	319
22	0.500E-2	0.774	2.63	319
22	0.800E-2	0.66	2.7	319
22	0.130E-1	0.591	2.87	319
22	0.320E-1	0.523	2.79	319
60	0.130E-2	1.407	1.64	301
60	0.130E-2	1.394	1.72	319
60	0.200E-2	1.255	1.08	319
60	0.320E-2	1.088	1.07	319
60	0.500E-2	0.947	1.09	319
60	0.800E-2	0.824	1.13	319
60	0.130E-1	0.711	1.21	319
60	0.200E-1	0.635	1.27	319
60	0.320E-1	0.555	1.36	319
60	0.500E-1	0.511	2.1	319
60	0.13		0.396	5.28	301
120	0.160E-2	1.401	3.47	319
120	0.200E-2	1.336	2.64	301
120	0.200E-2	1.313	2.81	319
120	0.320E-2	1.186	2.2	301
120	0.320E-2	1.212	2.45	319
120	0.500E-2	1.046	1.52	319
120	0.800E-2	0.91	1.39	319
120	0.130E-1	0.78	1.48	319
120	0.200E-1	0.671	1.49	319
120	0.320E-1	0.577	1.63	319
120	0.500E-1	0.489	1.67	319
120	0.800E-1	0.443	1.9	319
120	0.18		0.333	3.89	301
200	0.260E-2	1.286	3.57	319
200	0.320E-2	1.171	4.48	301
200	0.320E-2	1.221	3.16	319
200	0.500E-2	1.074	2.25	301
200	0.500E-2	1.103	1.62	319
200	0.800E-2	0.934	1.31	319
200	0.130E-1	0.806	1.25	319
200	0.200E-1	0.698	1.48	319
200	0.320E-1	0.586	1.62	319
200	0.500E-1	0.521	1.62	319
200	0.800E-1	0.431	1.59	319
200	0.13		0.355	4.47	319
200	0.18		0.331	2.8	319
200	0.25		0.273	6.14	319
200	0.4		0.139	8.1	319
