2.00       2.121e-05           2.296
2.00        2.56e-05           1.764
2.00       3.089e-05           1.404
2.00       3.728e-05            1.17
2.00       4.498e-05           1.016
2.00       5.429e-05           0.912
2.00       6.551e-05          0.8386
2.00       7.906e-05           0.784
2.00       9.541e-05          0.7413
2.00       0.0001151          0.7063
2.00       0.0001389          0.6766
2.00       0.0001677          0.6506
2.00       0.0002024          0.6273
2.00       0.0002442          0.6061
2.00       0.0002947          0.5866
2.00       0.0003556          0.5686
2.00       0.0004292          0.5518
2.00       0.0005179          0.5361
2.00       0.0006251          0.5215
2.00       0.0007543          0.5078
2.00       0.0009103          0.4949
2.00        0.001099          0.4828
2.00        0.001326          0.4715
2.00          0.0016          0.4608
2.00        0.001931          0.4506
2.00         0.00233          0.4409
2.00        0.002812          0.4315
2.00        0.003393          0.4225
2.00        0.004095          0.4137
2.00        0.004942           0.405
2.00        0.005964          0.3964
2.00        0.007197          0.3878
2.00        0.008685          0.3793
2.00         0.01048          0.3709
2.00         0.01265          0.3628
2.00         0.01526          0.3552
2.00         0.01842          0.3484
2.00         0.02223          0.3429
2.00         0.02683           0.339
2.00         0.03237          0.3372
2.00         0.03907          0.3376
2.00         0.04715          0.3402
2.00          0.0569          0.3446
2.00         0.06866          0.3497
2.00         0.08286          0.3545
2.00             0.1          0.3578
2.00           0.101          0.3579
2.00          0.1191          0.3586
2.00          0.1373          0.3575
2.00          0.1554          0.3551
2.00          0.1736          0.3518
2.00          0.1917          0.3476
2.00          0.2099          0.3426
2.00           0.228          0.3368
2.00          0.2461          0.3301
2.00          0.2643          0.3227
2.00          0.2824          0.3145
2.00          0.3006          0.3056
2.00          0.3187          0.2961
2.00          0.3369          0.2862
2.00           0.355          0.2759
2.00          0.3731          0.2654
2.00          0.3913          0.2547
2.00          0.4094           0.244
2.00          0.4276          0.2334
2.00          0.4457          0.2229
2.00          0.4639          0.2126
2.00           0.482          0.2026
2.00          0.5001          0.1928
2.00          0.5183          0.1834
2.00          0.5364          0.1743
2.00          0.5546          0.1655
2.00          0.5727          0.1571
2.00          0.5909           0.149
2.00           0.609          0.1413
2.00          0.6271           0.134
2.00          0.6453          0.1269
2.00          0.6634          0.1202
2.00          0.6816          0.1138
2.00          0.6997          0.1078
2.00          0.7179          0.1019
2.00           0.736         0.09642
2.00          0.7541         0.09116
2.00          0.7723         0.08614
2.00          0.7904         0.08136
2.00          0.8086          0.0768
2.00          0.8267         0.07246
2.00          0.8449         0.06831
2.00           0.863         0.06436
2.00          0.8811          0.0606
2.00          0.8993           0.057
2.00          0.9174         0.05357
2.00          0.9356          0.0503
2.00          0.9537         0.04718
2.00          0.9719         0.04421
2.00            0.99         0.04139
3.50       3.728e-05           1.987
3.50       4.498e-05           1.643
3.50       5.429e-05           1.405
3.50       6.551e-05           1.243
3.50       7.906e-05           1.132
3.50       9.541e-05           1.051
3.50       0.0001151          0.9894
3.50       0.0001389            0.94
3.50       0.0001677          0.8983
3.50       0.0002024          0.8618
3.50       0.0002442          0.8291
3.50       0.0002947           0.799
3.50       0.0003556          0.7711
3.50       0.0004292          0.7449
3.50       0.0005179          0.7201
3.50       0.0006251          0.6966
3.50       0.0007543          0.6743
3.50       0.0009103          0.6529
3.50        0.001099          0.6326
3.50        0.001326          0.6131
3.50          0.0016          0.5944
3.50        0.001931          0.5765
3.50         0.00233          0.5592
3.50        0.002812          0.5426
3.50        0.003393          0.5266
3.50        0.004095          0.5112
3.50        0.004942          0.4962
3.50        0.005964          0.4817
3.50        0.007197          0.4676
3.50        0.008685          0.4541
3.50         0.01048          0.4411
3.50         0.01265          0.4289
3.50         0.01526          0.4175
3.50         0.01842          0.4073
3.50         0.02223          0.3984
3.50         0.02683          0.3912
3.50         0.03237          0.3858
3.50         0.03907          0.3823
3.50         0.04715          0.3804
3.50          0.0569          0.3796
3.50         0.06866          0.3793
3.50         0.08286          0.3786
3.50             0.1          0.3767
3.50           0.101          0.3766
3.50          0.1191          0.3734
3.50          0.1373          0.3694
3.50          0.1554          0.3647
3.50          0.1736          0.3595
3.50          0.1917          0.3536
3.50          0.2099          0.3469
3.50           0.228          0.3395
3.50          0.2461          0.3313
3.50          0.2643          0.3223
3.50          0.2824          0.3125
3.50          0.3006           0.302
3.50          0.3187           0.291
3.50          0.3369          0.2794
3.50           0.355          0.2675
3.50          0.3731          0.2554
3.50          0.3913          0.2431
3.50          0.4094          0.2307
3.50          0.4276          0.2185
3.50          0.4457          0.2063
3.50          0.4639          0.1944
3.50           0.482          0.1827
3.50          0.5001          0.1714
3.50          0.5183          0.1604
3.50          0.5364          0.1498
3.50          0.5546          0.1396
3.50          0.5727          0.1298
3.50          0.5909          0.1204
3.50           0.609          0.1115
3.50          0.6271           0.103
3.50          0.6453         0.09488
3.50          0.6634         0.08724
3.50          0.6816         0.08003
3.50          0.6997         0.07323
3.50          0.7179         0.06683
3.50           0.736         0.06083
3.50          0.7541         0.05521
3.50          0.7723         0.04996
3.50          0.7904         0.04507
3.50          0.8086         0.04052
3.50          0.8267          0.0363
3.50          0.8449          0.0324
3.50           0.863          0.0288
3.50          0.8811         0.02549
3.50          0.8993         0.02246
3.50          0.9174         0.01969
3.50          0.9356         0.01717
3.50          0.9537         0.01488
3.50          0.9719         0.01282
3.50            0.99           0.011
6.50       6.551e-05           1.879
6.50       7.906e-05           1.663
6.50       9.541e-05           1.502
6.50       0.0001151           1.383
6.50       0.0001389           1.294
6.50       0.0001677           1.222
6.50       0.0002024           1.162
6.50       0.0002442            1.11
6.50       0.0002947           1.063
6.50       0.0003556            1.02
6.50       0.0004292          0.9791
6.50       0.0005179          0.9409
6.50       0.0006251          0.9047
6.50       0.0007543          0.8702
6.50       0.0009103          0.8373
6.50        0.001099          0.8058
6.50        0.001326          0.7757
6.50          0.0016          0.7468
6.50        0.001931          0.7191
6.50         0.00233          0.6925
6.50        0.002812           0.667
6.50        0.003393          0.6426
6.50        0.004095          0.6191
6.50        0.004942          0.5966
6.50        0.005964           0.575
6.50        0.007197          0.5543
6.50        0.008685          0.5346
6.50         0.01048          0.5158
6.50         0.01265          0.4981
6.50         0.01526          0.4817
6.50         0.01842          0.4666
6.50         0.02223          0.4529
6.50         0.02683           0.441
6.50         0.03237          0.4307
6.50         0.03907           0.422
6.50         0.04715          0.4148
6.50          0.0569          0.4085
6.50         0.06866          0.4026
6.50         0.08286          0.3966
6.50             0.1          0.3898
6.50           0.101          0.3894
6.50          0.1191          0.3824
6.50          0.1373          0.3754
6.50          0.1554          0.3683
6.50          0.1736          0.3609
6.50          0.1917          0.3531
6.50          0.2099          0.3447
6.50           0.228          0.3356
6.50          0.2461          0.3258
6.50          0.2643          0.3153
6.50          0.2824           0.304
6.50          0.3006          0.2922
6.50          0.3187          0.2798
6.50          0.3369           0.267
6.50           0.355           0.254
6.50          0.3731          0.2407
6.50          0.3913          0.2274
6.50          0.4094          0.2141
6.50          0.4276          0.2009
6.50          0.4457          0.1879
6.50          0.4639          0.1752
6.50           0.482          0.1628
6.50          0.5001          0.1508
6.50          0.5183          0.1392
6.50          0.5364           0.128
6.50          0.5546          0.1173
6.50          0.5727          0.1072
6.50          0.5909         0.09747
6.50           0.609         0.08832
6.50          0.6271         0.07969
6.50          0.6453         0.07159
6.50          0.6634         0.06402
6.50          0.6816         0.05697
6.50          0.6997         0.05043
6.50          0.7179         0.04439
6.50           0.736         0.03885
6.50          0.7541         0.03378
6.50          0.7723         0.02917
6.50          0.7904           0.025
6.50          0.8086         0.02126
6.50          0.8267         0.01791
6.50          0.8449         0.01494
6.50           0.863         0.01233
6.50          0.8811         0.01006
6.50          0.8993        0.008096
6.50          0.9174        0.006418
6.50          0.9356        0.005003
6.50          0.9537        0.003828
6.50          0.9719         0.00287
6.50            0.99         0.00212
10.00       0.0001151           1.671
10.00       0.0001389           1.556
10.00       0.0001677           1.462
10.00       0.0002024           1.385
10.00       0.0002442           1.317
10.00       0.0002947           1.257
10.00       0.0003556           1.201
10.00       0.0004292            1.15
10.00       0.0005179           1.101
10.00       0.0006251           1.055
10.00       0.0007543           1.011
10.00       0.0009103           0.969
10.00        0.001099          0.9289
10.00        0.001326          0.8906
10.00          0.0016          0.8539
10.00        0.001931          0.8189
10.00         0.00233          0.7853
10.00        0.002812          0.7532
10.00        0.003393          0.7225
10.00        0.004095          0.6931
10.00        0.004942           0.665
10.00        0.005964          0.6382
10.00        0.007197          0.6126
10.00        0.008685          0.5882
10.00         0.01048          0.5651
10.00         0.01265          0.5433
10.00         0.01526           0.523
10.00         0.01842          0.5041
10.00         0.02223          0.4868
10.00         0.02683          0.4713
10.00         0.03237          0.4574
10.00         0.03907          0.4451
10.00         0.04715          0.4342
10.00          0.0569          0.4243
10.00         0.06866          0.4149
10.00         0.08286          0.4055
10.00             0.1          0.3957
10.00           0.101          0.3952
10.00          0.1191          0.3858
10.00          0.1373          0.3769
10.00          0.1554          0.3683
10.00          0.1736          0.3595
10.00          0.1917          0.3504
10.00          0.2099          0.3409
10.00           0.228          0.3307
10.00          0.2461          0.3199
10.00          0.2643          0.3084
10.00          0.2824          0.2963
10.00          0.3006          0.2837
10.00          0.3187          0.2707
10.00          0.3369          0.2574
10.00           0.355          0.2438
10.00          0.3731          0.2301
10.00          0.3913          0.2164
10.00          0.4094          0.2028
10.00          0.4276          0.1893
10.00          0.4457          0.1761
10.00          0.4639          0.1632
10.00           0.482          0.1507
10.00          0.5001          0.1386
10.00          0.5183           0.127
10.00          0.5364          0.1158
10.00          0.5546          0.1052
10.00          0.5727         0.09516
10.00          0.5909         0.08564
10.00           0.609         0.07669
10.00          0.6271         0.06831
10.00          0.6453         0.06051
10.00          0.6634         0.05327
10.00          0.6816          0.0466
10.00          0.6997         0.04048
10.00          0.7179          0.0349
10.00           0.736         0.02985
10.00          0.7541          0.0253
10.00          0.7723         0.02124
10.00          0.7904         0.01764
10.00          0.8086         0.01447
10.00          0.8267         0.01172
10.00          0.8449        0.009345
10.00           0.863        0.007328
10.00          0.8811        0.005638
10.00          0.8993        0.004243
10.00          0.9174        0.003111
10.00          0.9356        0.002215
10.00          0.9537        0.001524
10.00          0.9719        0.001008
10.00            0.99       0.0006487
22.00       0.0002442           1.601
22.00       0.0002947           1.562
22.00       0.0003556           1.511
22.00       0.0004292           1.455
22.00       0.0005179           1.395
22.00       0.0006251           1.335
22.00       0.0007543           1.276
22.00       0.0009103           1.218
22.00        0.001099           1.162
22.00        0.001326           1.107
22.00          0.0016           1.056
22.00        0.001931           1.006
22.00         0.00233          0.9584
22.00        0.002812           0.913
22.00        0.003393          0.8697
22.00        0.004095          0.8283
22.00        0.004942           0.789
22.00        0.005964          0.7515
22.00        0.007197          0.7159
22.00        0.008685          0.6821
22.00         0.01048            0.65
22.00         0.01265          0.6198
22.00         0.01526          0.5914
22.00         0.01842           0.565
22.00         0.02223          0.5404
22.00         0.02683          0.5178
22.00         0.03237          0.4972
22.00         0.03907          0.4783
22.00         0.04715          0.4611
22.00          0.0569          0.4452
22.00         0.06866          0.4302
22.00         0.08286          0.4157
22.00             0.1          0.4012
22.00           0.101          0.4004
22.00          0.1191          0.3874
22.00          0.1373          0.3757
22.00          0.1554          0.3645
22.00          0.1736          0.3536
22.00          0.1917          0.3426
22.00          0.2099          0.3312
22.00           0.228          0.3194
22.00          0.2461          0.3072
22.00          0.2643          0.2944
22.00          0.2824          0.2812
22.00          0.3006          0.2676
22.00          0.3187          0.2538
22.00          0.3369          0.2398
22.00           0.355          0.2257
22.00          0.3731          0.2116
22.00          0.3913          0.1976
22.00          0.4094          0.1839
22.00          0.4276          0.1704
22.00          0.4457          0.1572
22.00          0.4639          0.1445
22.00           0.482          0.1322
22.00          0.5001          0.1204
22.00          0.5183          0.1092
22.00          0.5364         0.09848
22.00          0.5546         0.08836
22.00          0.5727         0.07885
22.00          0.5909         0.06994
22.00           0.609         0.06165
22.00          0.6271         0.05397
22.00          0.6453         0.04691
22.00          0.6634         0.04044
22.00          0.6816         0.03457
22.00          0.6997         0.02928
22.00          0.7179         0.02453
22.00           0.736         0.02033
22.00          0.7541         0.01663
22.00          0.7723         0.01341
22.00          0.7904         0.01064
22.00          0.8086         0.00829
22.00          0.8267        0.006323
22.00          0.8449        0.004705
22.00           0.863          0.0034
22.00          0.8811        0.002373
22.00          0.8993        0.001586
22.00          0.9174        0.001002
22.00          0.9356       0.0005854
22.00          0.9537       0.0003048
22.00          0.9719       0.0001263
22.00            0.99       1.987e-05
60.00       0.0006251           1.505
60.00       0.0007543           1.505
60.00       0.0009103           1.476
60.00        0.001099           1.429
60.00        0.001326           1.372
60.00          0.0016           1.309
60.00        0.001931           1.245
60.00         0.00233           1.181
60.00        0.002812            1.12
60.00        0.003393            1.06
60.00        0.004095           1.003
60.00        0.004942           0.948
60.00        0.005964          0.8961
60.00        0.007197          0.8467
60.00        0.008685             0.8
60.00         0.01048          0.7558
60.00         0.01265          0.7141
60.00         0.01526          0.6749
60.00         0.01842          0.6382
60.00         0.02223          0.6039
60.00         0.02683          0.5721
60.00         0.03237          0.5427
60.00         0.03907          0.5156
60.00         0.04715          0.4906
60.00          0.0569          0.4674
60.00         0.06866          0.4458
60.00         0.08286          0.4253
60.00             0.1          0.4055
60.00           0.101          0.4045
60.00          0.1191          0.3873
60.00          0.1373          0.3721
60.00          0.1554          0.3582
60.00          0.1736          0.3448
60.00          0.1917          0.3316
60.00          0.2099          0.3183
60.00           0.228          0.3049
60.00          0.2461          0.2911
60.00          0.2643          0.2771
60.00          0.2824          0.2629
60.00          0.3006          0.2485
60.00          0.3187          0.2341
60.00          0.3369          0.2197
60.00           0.355          0.2054
60.00          0.3731          0.1912
60.00          0.3913          0.1774
60.00          0.4094          0.1638
60.00          0.4276          0.1507
60.00          0.4457           0.138
60.00          0.4639          0.1258
60.00           0.482          0.1141
60.00          0.5001          0.1031
60.00          0.5183         0.09256
60.00          0.5364         0.08267
60.00          0.5546          0.0734
60.00          0.5727         0.06477
60.00          0.5909         0.05677
60.00           0.609         0.04939
60.00          0.6271         0.04264
60.00          0.6453          0.0365
60.00          0.6634         0.03095
60.00          0.6816         0.02598
60.00          0.6997         0.02156
60.00          0.7179         0.01767
60.00           0.736         0.01428
60.00          0.7541         0.01136
60.00          0.7723        0.008878
60.00          0.7904        0.006795
60.00          0.8086        0.005078
60.00          0.8267        0.003687
60.00          0.8449        0.002585
60.00           0.863        0.001735
60.00          0.8811        0.001102
60.00          0.8993       0.0006464
60.00          0.9174       0.0003316
60.00          0.9356       0.0001261
60.00          0.9537       4.103e-07
60.00          0.9719      -7.473e-05
60.00            0.99      -0.0001264
120.00        0.001326           1.402
120.00          0.0016            1.39
120.00        0.001931           1.352
120.00         0.00233           1.299
120.00        0.002812           1.238
120.00        0.003393           1.174
120.00        0.004095            1.11
120.00        0.004942           1.047
120.00        0.005964          0.9864
120.00        0.007197          0.9284
120.00        0.008685          0.8732
120.00         0.01048           0.821
120.00         0.01265          0.7716
120.00         0.01526          0.7252
120.00         0.01842          0.6817
120.00         0.02223          0.6411
120.00         0.02683          0.6034
120.00         0.03237          0.5684
120.00         0.03907          0.5361
120.00         0.04715          0.5064
120.00          0.0569          0.4789
120.00         0.06866          0.4533
120.00         0.08286          0.4294
120.00             0.1          0.4065
120.00           0.101          0.4053
120.00          0.1191          0.3857
120.00          0.1373          0.3686
120.00          0.1554           0.353
120.00          0.1736          0.3382
120.00          0.1917          0.3238
120.00          0.2099          0.3095
120.00           0.228          0.2951
120.00          0.2461          0.2806
120.00          0.2643           0.266
120.00          0.2824          0.2513
120.00          0.3006          0.2366
120.00          0.3187          0.2219
120.00          0.3369          0.2074
120.00           0.355          0.1931
120.00          0.3731          0.1791
120.00          0.3913          0.1654
120.00          0.4094          0.1521
120.00          0.4276          0.1393
120.00          0.4457           0.127
120.00          0.4639          0.1153
120.00           0.482          0.1041
120.00          0.5001         0.09357
120.00          0.5183         0.08362
120.00          0.5364          0.0743
120.00          0.5546         0.06562
120.00          0.5727         0.05758
120.00          0.5909         0.05016
120.00           0.609         0.04337
120.00          0.6271         0.03719
120.00          0.6453          0.0316
120.00          0.6634         0.02659
120.00          0.6816         0.02214
120.00          0.6997         0.01821
120.00          0.7179         0.01478
120.00           0.736         0.01181
120.00          0.7541        0.009286
120.00          0.7723        0.007157
120.00          0.7904        0.005393
120.00          0.8086        0.003958
120.00          0.8267        0.002813
120.00          0.8449         0.00192
120.00           0.863        0.001246
120.00          0.8811       0.0007541
120.00          0.8993       0.0004085
120.00          0.9174       0.0001762
120.00          0.9356       2.862e-05
120.00          0.9537      -6.031e-05
120.00          0.9719      -0.0001156
120.00            0.99      -0.0001595
200.00         0.00233           1.296
200.00        0.002812            1.27
200.00        0.003393           1.225
200.00        0.004095           1.168
200.00        0.004942           1.106
200.00        0.005964           1.044
200.00        0.007197          0.9816
200.00        0.008685          0.9216
200.00         0.01048          0.8643
200.00         0.01265          0.8098
200.00         0.01526          0.7585
200.00         0.01842          0.7103
200.00         0.02223          0.6653
200.00         0.02683          0.6235
200.00         0.03237          0.5847
200.00         0.03907           0.549
200.00         0.04715           0.516
200.00          0.0569          0.4857
200.00         0.06866          0.4576
200.00         0.08286          0.4314
200.00             0.1          0.4065
200.00           0.101          0.4052
200.00          0.1191           0.384
200.00          0.1373          0.3657
200.00          0.1554          0.3491
200.00          0.1736          0.3334
200.00          0.1917          0.3182
200.00          0.2099          0.3032
200.00           0.228          0.2882
200.00          0.2461          0.2733
200.00          0.2643          0.2583
200.00          0.2824          0.2434
200.00          0.3006          0.2285
200.00          0.3187          0.2137
200.00          0.3369          0.1992
200.00           0.355           0.185
200.00          0.3731          0.1711
200.00          0.3913          0.1576
200.00          0.4094          0.1445
200.00          0.4276           0.132
200.00          0.4457            0.12
200.00          0.4639          0.1086
200.00           0.482         0.09778
200.00          0.5001         0.08759
200.00          0.5183         0.07803
200.00          0.5364          0.0691
200.00          0.5546         0.06082
200.00          0.5727         0.05318
200.00          0.5909         0.04616
200.00           0.609         0.03975
200.00          0.6271         0.03395
200.00          0.6453         0.02873
200.00          0.6634         0.02406
200.00          0.6816         0.01993
200.00          0.6997         0.01631
200.00          0.7179         0.01316
200.00           0.736         0.01046
200.00          0.7541        0.008165
200.00          0.7723        0.006246
200.00          0.7904        0.004667
200.00          0.8086        0.003392
200.00          0.8267        0.002382
200.00          0.8449        0.001602
200.00           0.863        0.001018
200.00          0.8811       0.0005982
200.00          0.8993       0.0003063
200.00          0.9174       0.0001124
200.00          0.9356       -9.78e-06
200.00          0.9537      -8.364e-05
200.00          0.9719      -0.0001314
200.00            0.99      -0.0001721
