2.00       2.121e-05          0.7337
2.00        2.56e-05          0.7323
2.00       3.089e-05          0.7218
2.00       3.728e-05          0.7237
2.00       4.498e-05          0.7255
2.00       5.429e-05           0.718
2.00       6.551e-05          0.7059
2.00       7.906e-05          0.6933
2.00       9.541e-05          0.6784
2.00       0.0001151          0.6611
2.00       0.0001389          0.6434
2.00       0.0001677          0.6255
2.00       0.0002024          0.6077
2.00       0.0002442          0.5902
2.00       0.0002947          0.5733
2.00       0.0003556           0.557
2.00       0.0004292          0.5412
2.00       0.0005179          0.5261
2.00       0.0006251           0.512
2.00       0.0007543          0.4985
2.00       0.0009103          0.4854
2.00        0.001099          0.4728
2.00        0.001326          0.4607
2.00          0.0016           0.449
2.00        0.001931          0.4376
2.00         0.00233          0.4269
2.00        0.002812           0.417
2.00        0.003393          0.4075
2.00        0.004095          0.3987
2.00        0.004942          0.3905
2.00        0.005964          0.3828
2.00        0.007197           0.376
2.00        0.008685          0.3696
2.00         0.01048          0.3634
2.00         0.01265           0.358
2.00         0.01526          0.3543
2.00         0.01842          0.3515
2.00         0.02223          0.3501
2.00         0.02683          0.3497
2.00         0.03237          0.3494
2.00         0.03907           0.346
2.00         0.04715          0.3447
2.00          0.0569          0.3452
2.00         0.06866          0.3453
2.00         0.08286           0.345
2.00             0.1          0.3435
2.00           0.101          0.3436
2.00          0.1191          0.3461
2.00          0.1373          0.3474
2.00          0.1554          0.3474
2.00          0.1736          0.3474
2.00          0.1917          0.3461
2.00          0.2099          0.3425
2.00           0.228          0.3373
2.00          0.2461          0.3313
2.00          0.2643          0.3246
2.00          0.2824          0.3169
2.00          0.3006          0.3083
2.00          0.3187          0.2983
2.00          0.3369          0.2871
2.00           0.355           0.275
2.00          0.3731           0.265
2.00          0.3913          0.2533
2.00          0.4094          0.2424
2.00          0.4276          0.2311
2.00          0.4457          0.2191
2.00          0.4639          0.2076
2.00           0.482          0.1955
2.00          0.5001          0.1839
2.00          0.5183          0.1729
2.00          0.5364          0.1613
2.00          0.5546          0.1505
2.00          0.5727          0.1406
2.00          0.5909          0.1303
2.00           0.609          0.1205
2.00          0.6271           0.112
2.00          0.6453          0.1042
2.00          0.6634         0.09684
2.00          0.6816         0.08901
2.00          0.6997         0.08196
2.00          0.7179         0.07592
2.00           0.736          0.0696
2.00          0.7541         0.06356
2.00          0.7723         0.05856
2.00          0.7904         0.05391
2.00          0.8086         0.04944
2.00          0.8267         0.04525
2.00          0.8449         0.04114
2.00           0.863         0.03729
2.00          0.8811         0.03347
2.00          0.8993         0.02991
2.00          0.9174         0.02706
2.00          0.9356         0.02458
2.00          0.9537         0.02232
2.00          0.9719         0.02017
2.00            0.99         0.01813
3.50       3.728e-05          0.9773
3.50       4.498e-05          0.9807
3.50       5.429e-05          0.9703
3.50       6.551e-05          0.9519
3.50       7.906e-05          0.9302
3.50       9.541e-05          0.9059
3.50       0.0001151          0.8797
3.50       0.0001389          0.8533
3.50       0.0001677          0.8269
3.50       0.0002024          0.8008
3.50       0.0002442          0.7753
3.50       0.0002947          0.7505
3.50       0.0003556          0.7266
3.50       0.0004292          0.7034
3.50       0.0005179          0.6812
3.50       0.0006251            0.66
3.50       0.0007543          0.6396
3.50       0.0009103          0.6198
3.50        0.001099          0.6006
3.50        0.001326          0.5821
3.50          0.0016          0.5642
3.50        0.001931          0.5469
3.50         0.00233          0.5303
3.50        0.002812          0.5145
3.50        0.003393          0.4993
3.50        0.004095          0.4849
3.50        0.004942          0.4712
3.50        0.005964          0.4582
3.50        0.007197          0.4461
3.50        0.008685          0.4344
3.50         0.01048          0.4233
3.50         0.01265          0.4131
3.50         0.01526          0.4044
3.50         0.01842          0.3966
3.50         0.02223          0.3901
3.50         0.02683          0.3845
3.50         0.03237          0.3789
3.50         0.03907          0.3725
3.50         0.04715          0.3681
3.50          0.0569          0.3651
3.50         0.06866          0.3622
3.50         0.08286            0.36
3.50             0.1          0.3572
3.50           0.101           0.357
3.50          0.1191          0.3554
3.50          0.1373          0.3542
3.50          0.1554           0.352
3.50          0.1736          0.3497
3.50          0.1917          0.3457
3.50          0.2099            0.34
3.50           0.228          0.3331
3.50          0.2461          0.3255
3.50          0.2643           0.317
3.50          0.2824          0.3077
3.50          0.3006          0.2972
3.50          0.3187          0.2854
3.50          0.3369          0.2736
3.50           0.355          0.2612
3.50          0.3731          0.2498
3.50          0.3913          0.2374
3.50          0.4094          0.2253
3.50          0.4276          0.2124
3.50          0.4457          0.1999
3.50          0.4639          0.1869
3.50           0.482          0.1747
3.50          0.5001          0.1625
3.50          0.5183          0.1503
3.50          0.5364          0.1392
3.50          0.5546          0.1279
3.50          0.5727          0.1172
3.50          0.5909          0.1077
3.50           0.609         0.09873
3.50          0.6271         0.09013
3.50          0.6453         0.08212
3.50          0.6634         0.07219
3.50          0.6816         0.06848
3.50          0.6997         0.06093
3.50          0.7179         0.05173
3.50           0.736         0.04626
3.50          0.7541         0.04122
3.50          0.7723         0.03645
3.50          0.7904         0.03176
3.50          0.8086         0.02771
3.50          0.8267         0.02441
3.50          0.8449         0.02144
3.50           0.863         0.01865
3.50          0.8811         0.01614
3.50          0.8993         0.01392
3.50          0.9174         0.01205
3.50          0.9356         0.01047
3.50          0.9537        0.009126
3.50          0.9719        0.007947
3.50            0.99         0.00689
6.50       6.551e-05           1.181
6.50       7.906e-05           1.186
6.50       9.541e-05           1.176
6.50       0.0001151           1.154
6.50       0.0001389           1.125
6.50       0.0001677           1.092
6.50       0.0002024           1.057
6.50       0.0002442           1.021
6.50       0.0002947           0.985
6.50       0.0003556          0.9498
6.50       0.0004292          0.9154
6.50       0.0005179          0.8821
6.50       0.0006251          0.8501
6.50       0.0007543          0.8191
6.50       0.0009103          0.7891
6.50        0.001099            0.76
6.50        0.001326          0.7319
6.50          0.0016          0.7048
6.50        0.001931          0.6787
6.50         0.00233          0.6536
6.50        0.002812          0.6296
6.50        0.003393          0.6066
6.50        0.004095          0.5846
6.50        0.004942          0.5636
6.50        0.005964          0.5436
6.50        0.007197          0.5246
6.50        0.008685          0.5065
6.50         0.01048          0.4894
6.50         0.01265          0.4734
6.50         0.01526          0.4589
6.50         0.01842          0.4456
6.50         0.02223          0.4336
6.50         0.02683          0.4226
6.50         0.03237          0.4119
6.50         0.03907          0.4015
6.50         0.04715           0.393
6.50          0.0569          0.3859
6.50         0.06866          0.3791
6.50         0.08286          0.3735
6.50             0.1          0.3677
6.50           0.101          0.3673
6.50          0.1191          0.3623
6.50          0.1373          0.3583
6.50          0.1554          0.3536
6.50          0.1736          0.3488
6.50          0.1917          0.3425
6.50          0.2099          0.3348
6.50           0.228          0.3262
6.50          0.2461          0.3169
6.50          0.2643          0.3069
6.50          0.2824          0.2961
6.50          0.3006          0.2843
6.50          0.3187          0.2717
6.50          0.3369           0.259
6.50           0.355          0.2466
6.50          0.3731          0.2338
6.50          0.3913           0.221
6.50          0.4094          0.2078
6.50          0.4276          0.1947
6.50          0.4457          0.1815
6.50          0.4639          0.1685
6.50           0.482          0.1559
6.50          0.5001          0.1433
6.50          0.5183          0.1316
6.50          0.5364            0.12
6.50          0.5546          0.1091
6.50          0.5727         0.09927
6.50          0.5909         0.08976
6.50           0.609         0.08111
6.50          0.6271          0.0718
6.50          0.6453         0.06438
6.50          0.6634         0.05817
6.50          0.6816         0.04876
6.50          0.6997         0.04278
6.50          0.7179         0.03719
6.50           0.736           0.032
6.50          0.7541          0.0272
6.50          0.7723         0.02335
6.50          0.7904         0.01993
6.50          0.8086         0.01681
6.50          0.8267         0.01409
6.50          0.8449         0.01181
6.50           0.863        0.009927
6.50          0.8811        0.008355
6.50          0.8993        0.006979
6.50          0.9174        0.005782
6.50          0.9356        0.004746
6.50          0.9537        0.003851
6.50          0.9719        0.003083
6.50            0.99         0.00243
10.00       0.0001151           1.291
10.00       0.0001389            1.29
10.00       0.0001677           1.272
10.00       0.0002024           1.242
10.00       0.0002442           1.205
10.00       0.0002947           1.164
10.00       0.0003556           1.122
10.00       0.0004292            1.08
10.00       0.0005179           1.038
10.00       0.0006251          0.9977
10.00       0.0007543          0.9582
10.00       0.0009103          0.9197
10.00        0.001099          0.8825
10.00        0.001326          0.8465
10.00          0.0016          0.8119
10.00        0.001931          0.7785
10.00         0.00233          0.7465
10.00        0.002812          0.7159
10.00        0.003393          0.6865
10.00        0.004095          0.6584
10.00        0.004942          0.6317
10.00        0.005964          0.6062
10.00        0.007197           0.582
10.00        0.008685          0.5589
10.00         0.01048           0.537
10.00         0.01265          0.5166
10.00         0.01526          0.4979
10.00         0.01842          0.4806
10.00         0.02223          0.4647
10.00         0.02683          0.4498
10.00         0.03237          0.4355
10.00         0.03907           0.422
10.00         0.04715          0.4104
10.00          0.0569          0.4002
10.00         0.06866          0.3905
10.00         0.08286          0.3821
10.00             0.1          0.3737
10.00           0.101          0.3732
10.00          0.1191           0.366
10.00          0.1373          0.3599
10.00          0.1554          0.3535
10.00          0.1736           0.347
10.00          0.1917          0.3392
10.00          0.2099          0.3303
10.00           0.228          0.3206
10.00          0.2461          0.3103
10.00          0.2643          0.2993
10.00          0.2824          0.2875
10.00          0.3006           0.275
10.00          0.3187           0.262
10.00          0.3369          0.2488
10.00           0.355           0.236
10.00          0.3731          0.2227
10.00          0.3913          0.2096
10.00          0.4094          0.1962
10.00          0.4276          0.1829
10.00          0.4457          0.1696
10.00          0.4639          0.1568
10.00           0.482           0.144
10.00          0.5001          0.1318
10.00          0.5183          0.1202
10.00          0.5364          0.1088
10.00          0.5546         0.09843
10.00          0.5727         0.08882
10.00          0.5909         0.07959
10.00           0.609         0.07104
10.00          0.6271         0.06175
10.00          0.6453         0.05647
10.00          0.6634         0.04729
10.00          0.6816          0.0409
10.00          0.6997         0.03524
10.00          0.7179         0.02995
10.00           0.736         0.02523
10.00          0.7541         0.02138
10.00          0.7723         0.01796
10.00          0.7904          0.0149
10.00          0.8086          0.0123
10.00          0.8267         0.01016
10.00          0.8449        0.008392
10.00           0.863        0.006904
10.00          0.8811        0.005611
10.00          0.8993        0.004506
10.00          0.9174        0.003564
10.00          0.9356        0.002772
10.00          0.9537        0.002111
10.00          0.9719        0.001594
10.00            0.99        0.001173
22.00       0.0002442           1.413
22.00       0.0002947           1.424
22.00       0.0003556           1.408
22.00       0.0004292           1.374
22.00       0.0005179           1.329
22.00       0.0006251           1.279
22.00       0.0007543           1.227
22.00       0.0009103           1.173
22.00        0.001099           1.121
22.00        0.001326            1.07
22.00          0.0016            1.02
22.00        0.001931          0.9717
22.00         0.00233          0.9256
22.00        0.002812          0.8814
22.00        0.003393          0.8391
22.00        0.004095          0.7987
22.00        0.004942          0.7603
22.00        0.005964          0.7237
22.00        0.007197          0.6889
22.00        0.008685          0.6559
22.00         0.01048          0.6248
22.00         0.01265          0.5956
22.00         0.01526          0.5686
22.00         0.01842          0.5435
22.00         0.02223          0.5202
22.00         0.02683          0.4984
22.00         0.03237          0.4775
22.00         0.03907          0.4581
22.00         0.04715          0.4406
22.00          0.0569          0.4246
22.00         0.06866          0.4096
22.00         0.08286           0.396
22.00             0.1          0.3827
22.00           0.101          0.3821
22.00          0.1191          0.3708
22.00          0.1373          0.3612
22.00          0.1554          0.3518
22.00          0.1736          0.3425
22.00          0.1917          0.3322
22.00          0.2099          0.3212
22.00           0.228          0.3097
22.00          0.2461          0.2977
22.00          0.2643          0.2852
22.00          0.2824          0.2722
22.00          0.3006          0.2587
22.00          0.3187           0.245
22.00          0.3369          0.2312
22.00           0.355          0.2178
22.00          0.3731          0.2041
22.00          0.3913          0.1906
22.00          0.4094          0.1771
22.00          0.4276          0.1637
22.00          0.4457          0.1506
22.00          0.4639           0.138
22.00           0.482          0.1257
22.00          0.5001          0.1141
22.00          0.5183          0.1029
22.00          0.5364         0.09237
22.00          0.5546         0.08276
22.00          0.5727          0.0736
22.00          0.5909         0.06523
22.00           0.609         0.05633
22.00          0.6271         0.05015
22.00          0.6453         0.04278
22.00          0.6634         0.03623
22.00          0.6816         0.03084
22.00          0.6997         0.02589
22.00          0.7179         0.02149
22.00           0.736          0.0179
22.00          0.7541         0.01474
22.00          0.7723         0.01199
22.00          0.7904        0.009712
22.00          0.8086        0.007861
22.00          0.8267        0.006334
22.00          0.8449        0.005033
22.00           0.863        0.003939
22.00          0.8811        0.003023
22.00          0.8993        0.002269
22.00          0.9174        0.001657
22.00          0.9356         0.00119
22.00          0.9537       0.0008119
22.00          0.9719        0.000507
22.00            0.99       0.0002802
60.00       0.0006251           1.432
60.00       0.0007543           1.448
60.00       0.0009103           1.431
60.00        0.001099           1.391
60.00        0.001326           1.338
60.00          0.0016           1.278
60.00        0.001931           1.216
60.00         0.00233           1.154
60.00        0.002812           1.093
60.00        0.003393           1.033
60.00        0.004095          0.9764
60.00        0.004942          0.9221
60.00        0.005964          0.8705
60.00        0.007197          0.8215
60.00        0.008685          0.7751
60.00         0.01048          0.7314
60.00         0.01265          0.6906
60.00         0.01526          0.6526
60.00         0.01842          0.6173
60.00         0.02223          0.5844
60.00         0.02683          0.5536
60.00         0.03237          0.5246
60.00         0.03907          0.4977
60.00         0.04715           0.473
60.00          0.0569          0.4502
60.00         0.06866          0.4288
60.00         0.08286          0.4092
60.00             0.1          0.3905
60.00           0.101          0.3896
60.00          0.1191          0.3739
60.00          0.1373          0.3604
60.00          0.1554          0.3477
60.00          0.1736          0.3353
60.00          0.1917          0.3225
60.00          0.2099          0.3094
60.00           0.228           0.296
60.00          0.2461          0.2824
60.00          0.2643          0.2685
60.00          0.2824          0.2544
60.00          0.3006            0.24
60.00          0.3187          0.2257
60.00          0.3369          0.2115
60.00           0.355          0.1977
60.00          0.3731          0.1839
60.00          0.3913          0.1703
60.00          0.4094          0.1569
60.00          0.4276          0.1439
60.00          0.4457          0.1313
60.00          0.4639          0.1193
60.00           0.482          0.1077
60.00          0.5001         0.09684
60.00          0.5183         0.08651
60.00          0.5364           0.077
60.00          0.5546         0.06823
60.00          0.5727         0.05999
60.00          0.5909          0.0524
60.00           0.609         0.04538
60.00          0.6271         0.03904
60.00          0.6453         0.03339
60.00          0.6634         0.02826
60.00          0.6816         0.02357
60.00          0.6997          0.0194
60.00          0.7179         0.01594
60.00           0.736         0.01301
60.00          0.7541         0.01047
60.00          0.7723        0.008364
60.00          0.7904        0.006659
60.00          0.8086        0.005268
60.00          0.8267        0.004109
60.00          0.8449        0.003145
60.00           0.863        0.002354
60.00          0.8811        0.001715
60.00          0.8993        0.001212
60.00          0.9174       0.0008313
60.00          0.9356       0.0005321
60.00          0.9537       0.0003048
60.00          0.9719        0.000149
60.00            0.99       5.238e-05
120.00        0.001326           1.372
120.00          0.0016           1.365
120.00        0.001931            1.33
120.00         0.00233           1.279
120.00        0.002812           1.218
120.00        0.003393           1.154
120.00        0.004095            1.09
120.00        0.004942           1.027
120.00        0.005964          0.9658
120.00        0.007197          0.9075
120.00        0.008685          0.8522
120.00         0.01048             0.8
120.00         0.01265          0.7511
120.00         0.01526          0.7057
120.00         0.01842          0.6634
120.00         0.02223          0.6241
120.00         0.02683          0.5873
120.00         0.03237          0.5529
120.00         0.03907           0.521
120.00         0.04715          0.4916
120.00          0.0569          0.4644
120.00         0.06866          0.4391
120.00         0.08286          0.4159
120.00             0.1          0.3939
120.00           0.101          0.3928
120.00          0.1191          0.3744
120.00          0.1373          0.3587
120.00          0.1554          0.3441
120.00          0.1736          0.3301
120.00          0.1917          0.3159
120.00          0.2099          0.3016
120.00           0.228          0.2872
120.00          0.2461          0.2728
120.00          0.2643          0.2582
120.00          0.2824          0.2435
120.00          0.3006          0.2288
120.00          0.3187          0.2143
120.00          0.3369          0.1999
120.00           0.355           0.186
120.00          0.3731          0.1723
120.00          0.3913          0.1588
120.00          0.4094          0.1457
120.00          0.4276           0.133
120.00          0.4457          0.1208
120.00          0.4639          0.1092
120.00           0.482         0.09812
120.00          0.5001         0.08778
120.00          0.5183         0.07804
120.00          0.5364         0.06911
120.00          0.5546         0.06088
120.00          0.5727         0.05321
120.00          0.5909         0.04619
120.00           0.609         0.03975
120.00          0.6271         0.03399
120.00          0.6453         0.02886
120.00          0.6634         0.02422
120.00          0.6816         0.02004
120.00          0.6997         0.01639
120.00          0.7179         0.01338
120.00           0.736         0.01082
120.00          0.7541        0.008642
120.00          0.7723        0.006852
120.00          0.7904        0.005409
120.00          0.8086        0.004232
120.00          0.8267        0.003253
120.00          0.8449         0.00245
120.00           0.863        0.001799
120.00          0.8811        0.001283
120.00          0.8993       0.0008856
120.00          0.9174       0.0005854
120.00          0.9356       0.0003535
120.00          0.9537       0.0001871
120.00          0.9719       8.023e-05
120.00            0.99       2.171e-05
200.00         0.00233           1.279
200.00        0.002812           1.254
200.00        0.003393           1.209
200.00        0.004095           1.152
200.00        0.004942            1.09
200.00        0.005964           1.027
200.00        0.007197          0.9641
200.00        0.008685          0.9036
200.00         0.01048           0.846
200.00         0.01265          0.7919
200.00         0.01526          0.7413
200.00         0.01842          0.6943
200.00         0.02223          0.6504
200.00         0.02683          0.6095
200.00         0.03237          0.5713
200.00         0.03907           0.536
200.00         0.04715          0.5033
200.00          0.0569          0.4732
200.00         0.06866          0.4453
200.00         0.08286          0.4197
200.00             0.1          0.3955
200.00           0.101          0.3943
200.00          0.1191          0.3742
200.00          0.1373           0.357
200.00          0.1554          0.3411
200.00          0.1736           0.326
200.00          0.1917           0.311
200.00          0.2099          0.2959
200.00           0.228           0.281
200.00          0.2461           0.266
200.00          0.2643          0.2511
200.00          0.2824          0.2361
200.00          0.3006          0.2212
200.00          0.3187          0.2065
200.00          0.3369          0.1922
200.00           0.355          0.1782
200.00          0.3731          0.1646
200.00          0.3913          0.1512
200.00          0.4094          0.1383
200.00          0.4276          0.1258
200.00          0.4457           0.114
200.00          0.4639          0.1027
200.00           0.482           0.092
200.00          0.5001         0.08203
200.00          0.5183          0.0727
200.00          0.5364         0.06417
200.00          0.5546         0.05631
200.00          0.5727         0.04904
200.00          0.5909          0.0424
200.00           0.609         0.03634
200.00          0.6271         0.03097
200.00          0.6453         0.02615
200.00          0.6634         0.02183
200.00          0.6816         0.01799
200.00          0.6997         0.01466
200.00          0.7179         0.01192
200.00           0.736        0.009591
200.00          0.7541        0.007625
200.00          0.7723        0.006019
200.00          0.7904        0.004727
200.00          0.8086        0.003673
200.00          0.8267        0.002801
200.00          0.8449         0.00209
200.00           0.863        0.001519
200.00          0.8811        0.001071
200.00          0.8993        0.000729
200.00          0.9174       0.0004716
200.00          0.9356       0.0002763
200.00          0.9537         0.00014
200.00          0.9719       5.564e-05
200.00            0.99       1.243e-05
