2.00       2.121e-05          0.9781
2.00        2.56e-05           0.946
2.00       3.089e-05          0.9227
2.00       3.728e-05           0.912
2.00       4.498e-05          0.9117
2.00       5.429e-05          0.9155
2.00       6.551e-05          0.9083
2.00       7.906e-05          0.8984
2.00       9.541e-05          0.8863
2.00       0.0001151          0.8722
2.00       0.0001389          0.8568
2.00       0.0001677          0.8402
2.00       0.0002024          0.8224
2.00       0.0002442          0.8038
2.00       0.0002947          0.7847
2.00       0.0003556          0.7654
2.00       0.0004292          0.7463
2.00       0.0005179          0.7274
2.00       0.0006251          0.7088
2.00       0.0007543           0.689
2.00       0.0009103          0.6693
2.00        0.001099          0.6506
2.00        0.001326          0.6329
2.00          0.0016           0.608
2.00        0.001931          0.5869
2.00         0.00233           0.568
2.00        0.002812           0.549
2.00        0.003393          0.5302
2.00        0.004095          0.5126
2.00        0.004942          0.4942
2.00        0.005964          0.4751
2.00        0.007197          0.4597
2.00        0.008685          0.4456
2.00         0.01048           0.433
2.00         0.01265          0.4219
2.00         0.01526          0.4119
2.00         0.01842          0.4039
2.00         0.02223          0.3976
2.00         0.02683          0.3927
2.00         0.03237          0.3887
2.00         0.03907          0.3862
2.00         0.04715          0.3825
2.00          0.0569          0.3754
2.00         0.06866          0.3649
2.00         0.08286          0.3643
2.00             0.1          0.3625
2.00           0.101           0.362
2.00          0.1191           0.355
2.00          0.1373          0.3523
2.00          0.1554          0.3492
2.00          0.1736          0.3454
2.00          0.1917          0.3406
2.00          0.2099          0.3332
2.00           0.228          0.3253
2.00          0.2461          0.3159
2.00          0.2643          0.3058
2.00          0.2824          0.2953
2.00          0.3006          0.2838
2.00          0.3187          0.2708
2.00          0.3369          0.2578
2.00           0.355           0.245
2.00          0.3731           0.233
2.00          0.3913          0.2192
2.00          0.4094           0.205
2.00          0.4276          0.1917
2.00          0.4457          0.1784
2.00          0.4639           0.166
2.00           0.482          0.1543
2.00          0.5001           0.142
2.00          0.5183          0.1297
2.00          0.5364          0.1173
2.00          0.5546          0.1102
2.00          0.5727         0.09927
2.00          0.5909         0.08962
2.00           0.609         0.08519
2.00          0.6271         0.07835
2.00          0.6453         0.06798
2.00          0.6634         0.06137
2.00          0.6816         0.05453
2.00          0.6997         0.04794
2.00          0.7179         0.04747
2.00           0.736         0.03994
2.00          0.7541         0.03593
2.00          0.7723         0.03387
2.00          0.7904         0.02953
2.00          0.8086          0.0272
2.00          0.8267         0.02205
2.00          0.8449         0.01774
2.00           0.863         0.01652
2.00          0.8811         0.01523
2.00          0.8993         0.01393
2.00          0.9174         0.01274
2.00          0.9356         0.01135
2.00          0.9537         0.01045
2.00          0.9719        0.008716
2.00            0.99        0.007199
3.50       3.728e-05           1.108
3.50       4.498e-05           1.106
3.50       5.429e-05           1.108
3.50       6.551e-05           1.099
3.50       7.906e-05           1.088
3.50       9.541e-05           1.074
3.50       0.0001151           1.058
3.50       0.0001389            1.04
3.50       0.0001677           1.021
3.50       0.0002024           1.001
3.50       0.0002442          0.9787
3.50       0.0002947          0.9562
3.50       0.0003556          0.9335
3.50       0.0004292           0.911
3.50       0.0005179          0.8887
3.50       0.0006251          0.8664
3.50       0.0007543          0.8428
3.50       0.0009103          0.8193
3.50        0.001099          0.7965
3.50        0.001326          0.7739
3.50          0.0016          0.7447
3.50        0.001931           0.719
3.50         0.00233          0.6952
3.50        0.002812          0.6713
3.50        0.003393          0.6474
3.50        0.004095          0.6245
3.50        0.004942          0.6008
3.50        0.005964          0.5767
3.50        0.007197          0.5562
3.50        0.008685           0.537
3.50         0.01048          0.5195
3.50         0.01265          0.5035
3.50         0.01526          0.4887
3.50         0.01842          0.4761
3.50         0.02223          0.4652
3.50         0.02683          0.4557
3.50         0.03237          0.4474
3.50         0.03907          0.4406
3.50         0.04715          0.4325
3.50          0.0569          0.4214
3.50         0.06866          0.4075
3.50         0.08286          0.4037
3.50             0.1          0.3983
3.50           0.101          0.3977
3.50          0.1191          0.3883
3.50          0.1373          0.3832
3.50          0.1554           0.378
3.50          0.1736          0.3724
3.50          0.1917          0.3657
3.50          0.2099          0.3566
3.50           0.228          0.3473
3.50          0.2461          0.3364
3.50          0.2643           0.325
3.50          0.2824          0.3134
3.50          0.3006          0.3001
3.50          0.3187          0.2859
3.50          0.3369          0.2718
3.50           0.355          0.2582
3.50          0.3731          0.2444
3.50          0.3913          0.2288
3.50          0.4094          0.2135
3.50          0.4276          0.1989
3.50          0.4457          0.1846
3.50          0.4639          0.1711
3.50           0.482          0.1574
3.50          0.5001          0.1434
3.50          0.5183          0.1303
3.50          0.5364          0.1199
3.50          0.5546          0.1082
3.50          0.5727         0.09805
3.50          0.5909         0.09018
3.50           0.609          0.0806
3.50          0.6271         0.07063
3.50          0.6453         0.06291
3.50          0.6634         0.05567
3.50          0.6816         0.05079
3.50          0.6997         0.04459
3.50          0.7179         0.03875
3.50           0.736         0.03453
3.50          0.7541         0.02978
3.50          0.7723          0.0254
3.50          0.7904         0.02112
3.50          0.8086         0.01808
3.50          0.8267          0.0162
3.50          0.8449          0.0143
3.50           0.863         0.01252
3.50          0.8811         0.01079
3.50          0.8993         0.00923
3.50          0.9174        0.007767
3.50          0.9356        0.006585
3.50          0.9537        0.005728
3.50          0.9719        0.004919
3.50            0.99        0.004193
6.50       6.551e-05           1.319
6.50       7.906e-05           1.302
6.50       9.541e-05           1.283
6.50       0.0001151           1.261
6.50       0.0001389           1.239
6.50       0.0001677           1.215
6.50       0.0002024           1.188
6.50       0.0002442            1.16
6.50       0.0002947           1.132
6.50       0.0003556           1.104
6.50       0.0004292           1.075
6.50       0.0005179           1.047
6.50       0.0006251           1.019
6.50       0.0007543            0.99
6.50       0.0009103          0.9608
6.50        0.001099           0.932
6.50        0.001326          0.9027
6.50          0.0016          0.8681
6.50        0.001931          0.8365
6.50         0.00233          0.8065
6.50        0.002812          0.7762
6.50        0.003393          0.7463
6.50        0.004095          0.7169
6.50        0.004942           0.687
6.50        0.005964          0.6572
6.50        0.007197          0.6307
6.50        0.008685          0.6057
6.50         0.01048          0.5823
6.50         0.01265          0.5606
6.50         0.01526          0.5402
6.50         0.01842           0.522
6.50         0.02223          0.5055
6.50         0.02683          0.4907
6.50         0.03237          0.4772
6.50         0.03907          0.4653
6.50         0.04715          0.4523
6.50          0.0569           0.437
6.50         0.06866          0.4203
6.50         0.08286          0.4123
6.50             0.1           0.403
6.50           0.101          0.4022
6.50          0.1191          0.3906
6.50          0.1373           0.383
6.50          0.1554          0.3757
6.50          0.1736          0.3681
6.50          0.1917          0.3596
6.50          0.2099          0.3493
6.50           0.228          0.3388
6.50          0.2461          0.3271
6.50          0.2643          0.3151
6.50          0.2824          0.3028
6.50          0.3006          0.2888
6.50          0.3187          0.2746
6.50          0.3369          0.2604
6.50           0.355          0.2467
6.50          0.3731           0.232
6.50          0.3913          0.2163
6.50          0.4094          0.2013
6.50          0.4276          0.1865
6.50          0.4457          0.1726
6.50          0.4639          0.1587
6.50           0.482          0.1444
6.50          0.5001          0.1307
6.50          0.5183          0.1192
6.50          0.5364          0.1071
6.50          0.5546         0.09706
6.50          0.5727         0.08838
6.50          0.5909          0.0773
6.50           0.609         0.06756
6.50          0.6271         0.05951
6.50          0.6453         0.05254
6.50          0.6634          0.0465
6.50          0.6816         0.03972
6.50          0.6997         0.03467
6.50          0.7179         0.02913
6.50           0.736         0.02406
6.50          0.7541          0.0198
6.50          0.7723         0.01731
6.50          0.7904         0.01497
6.50          0.8086         0.01272
6.50          0.8267         0.01061
6.50          0.8449        0.008685
6.50           0.863        0.007139
6.50          0.8811        0.006015
6.50          0.8993        0.004949
6.50          0.9174         0.00417
6.50          0.9356        0.003587
6.50          0.9537        0.003006
6.50          0.9719        0.002355
6.50            0.99        0.001843
10.00       0.0001151           1.442
10.00       0.0001389           1.413
10.00       0.0001677           1.381
10.00       0.0002024           1.348
10.00       0.0002442           1.313
10.00       0.0002947           1.278
10.00       0.0003556           1.244
10.00       0.0004292           1.209
10.00       0.0005179           1.175
10.00       0.0006251           1.141
10.00       0.0007543           1.105
10.00       0.0009103            1.07
10.00        0.001099           1.036
10.00        0.001326               1
10.00          0.0016          0.9602
10.00        0.001931          0.9231
10.00         0.00233          0.8875
10.00        0.002812          0.8518
10.00        0.003393          0.8165
10.00        0.004095          0.7819
10.00        0.004942           0.747
10.00        0.005964          0.7125
10.00        0.007197          0.6813
10.00        0.008685          0.6518
10.00         0.01048           0.624
10.00         0.01265          0.5979
10.00         0.01526          0.5735
10.00         0.01842          0.5513
10.00         0.02223           0.531
10.00         0.02683          0.5125
10.00         0.03237          0.4956
10.00         0.03907          0.4803
10.00         0.04715          0.4641
10.00          0.0569          0.4462
10.00         0.06866          0.4276
10.00         0.08286           0.417
10.00             0.1          0.4052
10.00           0.101          0.4044
10.00          0.1191          0.3913
10.00          0.1373          0.3821
10.00          0.1554          0.3734
10.00          0.1736          0.3646
10.00          0.1917           0.355
10.00          0.2099          0.3438
10.00           0.228          0.3326
10.00          0.2461          0.3203
10.00          0.2643          0.3078
10.00          0.2824          0.2951
10.00          0.3006          0.2808
10.00          0.3187          0.2664
10.00          0.3369          0.2521
10.00           0.355          0.2383
10.00          0.3731          0.2233
10.00          0.3913          0.2077
10.00          0.4094          0.1928
10.00          0.4276          0.1782
10.00          0.4457          0.1644
10.00          0.4639          0.1505
10.00           0.482          0.1361
10.00          0.5001          0.1233
10.00          0.5183          0.1118
10.00          0.5364          0.1001
10.00          0.5546         0.09077
10.00          0.5727         0.08083
10.00          0.5909         0.06989
10.00           0.609         0.06138
10.00          0.6271         0.05351
10.00          0.6453         0.04751
10.00          0.6634         0.04023
10.00          0.6816         0.03495
10.00          0.6997         0.02921
10.00          0.7179         0.02383
10.00           0.736         0.01957
10.00          0.7541         0.01696
10.00          0.7723         0.01444
10.00          0.7904         0.01206
10.00          0.8086        0.009869
10.00          0.8267        0.007924
10.00          0.8449        0.006536
10.00           0.863        0.005341
10.00          0.8811        0.004393
10.00          0.8993        0.003711
10.00          0.9174        0.003059
10.00          0.9356        0.002333
10.00          0.9537        0.001786
10.00          0.9719        0.001376
10.00            0.99        0.001078
22.00       0.0002442           1.638
22.00       0.0002947           1.586
22.00       0.0003556           1.535
22.00       0.0004292           1.485
22.00       0.0005179           1.435
22.00       0.0006251           1.386
22.00       0.0007543           1.336
22.00       0.0009103           1.287
22.00        0.001099           1.238
22.00        0.001326           1.189
22.00          0.0016           1.136
22.00        0.001931           1.087
22.00         0.00233           1.039
22.00        0.002812          0.9918
22.00        0.003393          0.9453
22.00        0.004095          0.8997
22.00        0.004942          0.8546
22.00        0.005964          0.8107
22.00        0.007197          0.7701
22.00        0.008685          0.7317
22.00         0.01048          0.6954
22.00         0.01265          0.6613
22.00         0.01526          0.6293
22.00         0.01842          0.5999
22.00         0.02223          0.5728
22.00         0.02683          0.5478
22.00         0.03237          0.5249
22.00         0.03907          0.5038
22.00         0.04715          0.4823
22.00          0.0569          0.4601
22.00         0.06866          0.4382
22.00         0.08286          0.4233
22.00             0.1          0.4076
22.00           0.101          0.4067
22.00          0.1191          0.3912
22.00          0.1373          0.3794
22.00          0.1554          0.3684
22.00          0.1736          0.3576
22.00          0.1917          0.3462
22.00          0.2099          0.3337
22.00           0.228          0.3212
22.00          0.2461           0.308
22.00          0.2643          0.2947
22.00          0.2824          0.2812
22.00          0.3006          0.2665
22.00          0.3187          0.2519
22.00          0.3369          0.2374
22.00           0.355          0.2234
22.00          0.3731          0.2081
22.00          0.3913          0.1929
22.00          0.4094          0.1783
22.00          0.4276          0.1641
22.00          0.4457          0.1505
22.00          0.4639          0.1367
22.00           0.482           0.123
22.00          0.5001          0.1113
22.00          0.5183         0.09976
22.00          0.5364         0.08943
22.00          0.5546         0.08008
22.00          0.5727         0.06946
22.00          0.5909         0.06035
22.00           0.609         0.05237
22.00          0.6271         0.04572
22.00          0.6453         0.03895
22.00          0.6634         0.03337
22.00          0.6816         0.02777
22.00          0.6997         0.02257
22.00          0.7179         0.01829
22.00           0.736         0.01568
22.00          0.7541         0.01314
22.00          0.7723         0.01074
22.00          0.7904        0.008591
22.00          0.8086        0.006839
22.00          0.8267        0.005564
22.00          0.8449        0.004449
22.00           0.863        0.003658
22.00          0.8811        0.002978
22.00          0.8993        0.002219
22.00          0.9174        0.001649
22.00          0.9356        0.001229
22.00          0.9537       0.0009402
22.00          0.9719       0.0006418
22.00            0.99       0.0003749
60.00       0.0006251           1.758
60.00       0.0007543           1.682
60.00       0.0009103           1.608
60.00        0.001099           1.535
60.00        0.001326           1.463
60.00          0.0016           1.389
60.00        0.001931           1.319
60.00         0.00233           1.252
60.00        0.002812           1.186
60.00        0.003393           1.122
60.00        0.004095           1.059
60.00        0.004942          0.9986
60.00        0.005964          0.9402
60.00        0.007197          0.8859
60.00        0.008685          0.8346
60.00         0.01048          0.7862
60.00         0.01265          0.7408
60.00         0.01526          0.6983
60.00         0.01842          0.6591
60.00         0.02223          0.6229
60.00         0.02683          0.5896
60.00         0.03237          0.5591
60.00         0.03907          0.5308
60.00         0.04715           0.503
60.00          0.0569          0.4755
60.00         0.06866          0.4494
60.00         0.08286          0.4295
60.00             0.1          0.4095
60.00           0.101          0.4083
60.00          0.1191          0.3899
60.00          0.1373          0.3752
60.00          0.1554          0.3617
60.00          0.1736          0.3486
60.00          0.1917          0.3353
60.00          0.2099          0.3214
60.00           0.228          0.3076
60.00          0.2461          0.2934
60.00          0.2643          0.2792
60.00          0.2824          0.2649
60.00          0.3006          0.2498
60.00          0.3187           0.235
60.00          0.3369          0.2204
60.00           0.355          0.2062
60.00          0.3731          0.1911
60.00          0.3913          0.1763
60.00          0.4094          0.1621
60.00          0.4276          0.1484
60.00          0.4457          0.1353
60.00          0.4639          0.1221
60.00           0.482          0.1095
60.00          0.5001         0.09862
60.00          0.5183         0.08768
60.00          0.5364         0.07839
60.00          0.5546         0.06921
60.00          0.5727         0.05946
60.00          0.5909         0.05157
60.00           0.609         0.04435
60.00          0.6271         0.03859
60.00          0.6453          0.0323
60.00          0.6634         0.02726
60.00          0.6816         0.02223
60.00          0.6997         0.01778
60.00          0.7179         0.01484
60.00           0.736         0.01244
60.00          0.7541         0.01016
60.00          0.7723        0.008108
60.00          0.7904        0.006371
60.00          0.8086        0.005119
60.00          0.8267        0.004051
60.00          0.8449        0.003269
60.00           0.863        0.002609
60.00          0.8811        0.001923
60.00          0.8993        0.001399
60.00          0.9174        0.001024
60.00          0.9356       0.0007519
60.00          0.9537       0.0004734
60.00          0.9719       0.0002739
60.00            0.99       0.0001019
120.00        0.001326           1.656
120.00          0.0016           1.566
120.00        0.001931            1.48
120.00         0.00233           1.397
120.00        0.002812           1.317
120.00        0.003393            1.24
120.00        0.004095           1.166
120.00        0.004942           1.094
120.00        0.005964           1.025
120.00        0.007197          0.9607
120.00        0.008685          0.9003
120.00         0.01048          0.8436
120.00         0.01265          0.7905
120.00         0.01526           0.741
120.00         0.01842          0.6953
120.00         0.02223          0.6532
120.00         0.02683          0.6144
120.00         0.03237          0.5791
120.00         0.03907          0.5463
120.00         0.04715          0.5145
120.00          0.0569          0.4838
120.00         0.06866          0.4552
120.00         0.08286          0.4322
120.00             0.1          0.4096
120.00           0.101          0.4083
120.00          0.1191          0.3881
120.00          0.1373          0.3717
120.00          0.1554          0.3567
120.00          0.1736          0.3424
120.00          0.1917           0.328
120.00          0.2099          0.3133
120.00           0.228          0.2987
120.00          0.2461           0.284
120.00          0.2643          0.2693
120.00          0.2824          0.2546
120.00          0.3006          0.2394
120.00          0.3187          0.2245
120.00          0.3369          0.2099
120.00           0.355          0.1956
120.00          0.3731          0.1807
120.00          0.3913          0.1662
120.00          0.4094          0.1524
120.00          0.4276          0.1391
120.00          0.4457          0.1264
120.00          0.4639          0.1136
120.00           0.482          0.1017
120.00          0.5001         0.09118
120.00          0.5183          0.0808
120.00          0.5364         0.07203
120.00          0.5546         0.06313
120.00          0.5727         0.05414
120.00          0.5909          0.0468
120.00           0.609          0.0401
120.00          0.6271         0.03465
120.00          0.6453         0.02894
120.00          0.6634         0.02419
120.00          0.6816          0.0196
120.00          0.6997         0.01569
120.00          0.7179         0.01314
120.00           0.736          0.0109
120.00          0.7541        0.008813
120.00          0.7723         0.00698
120.00          0.7904        0.005483
120.00          0.8086        0.004382
120.00          0.8267        0.003456
120.00          0.8449        0.002773
120.00           0.863         0.00215
120.00          0.8811        0.001553
120.00          0.8993        0.001126
120.00          0.9174       0.0008133
120.00          0.9356       0.0005716
120.00          0.9537       0.0003255
120.00          0.9719       0.0001747
120.00            0.99       4.117e-05
200.00         0.00233           1.502
200.00        0.002812           1.412
200.00        0.003393           1.325
200.00        0.004095           1.241
200.00        0.004942           1.161
200.00        0.005964           1.084
200.00        0.007197           1.013
200.00        0.008685          0.9458
200.00         0.01048           0.883
200.00         0.01265          0.8244
200.00         0.01526          0.7699
200.00         0.01842          0.7196
200.00         0.02223          0.6733
200.00         0.02683          0.6309
200.00         0.03237          0.5921
200.00         0.03907          0.5563
200.00         0.04715          0.5219
200.00          0.0569           0.489
200.00         0.06866          0.4585
200.00         0.08286          0.4336
200.00             0.1          0.4093
200.00           0.101           0.408
200.00          0.1191          0.3865
200.00          0.1373           0.369
200.00          0.1554          0.3531
200.00          0.1736          0.3379
200.00          0.1917          0.3228
200.00          0.2099          0.3075
200.00           0.228          0.2925
200.00          0.2461          0.2775
200.00          0.2643          0.2625
200.00          0.2824          0.2476
200.00          0.3006          0.2323
200.00          0.3187          0.2173
200.00          0.3369          0.2028
200.00           0.355          0.1885
200.00          0.3731          0.1737
200.00          0.3913          0.1595
200.00          0.4094          0.1459
200.00          0.4276          0.1329
200.00          0.4457          0.1204
200.00          0.4639           0.108
200.00           0.482          0.0966
200.00          0.5001         0.08634
200.00          0.5183         0.07637
200.00          0.5364          0.0679
200.00          0.5546         0.05927
200.00          0.5727         0.05078
200.00          0.5909          0.0438
200.00           0.609         0.03743
200.00          0.6271          0.0322
200.00          0.6453         0.02686
200.00          0.6634         0.02234
200.00          0.6816         0.01805
200.00          0.6997         0.01448
200.00          0.7179         0.01211
200.00           0.736        0.009987
200.00          0.7541        0.008037
200.00          0.7723        0.006343
200.00          0.7904        0.004983
200.00          0.8086        0.003966
200.00          0.8267        0.003124
200.00          0.8449        0.002493
200.00           0.863        0.001903
200.00          0.8811        0.001367
200.00          0.8993       0.0009868
200.00          0.9174       0.0007086
200.00          0.9356       0.0004832
200.00          0.9537       0.0002665
200.00          0.9719       0.0001317
200.00            0.99       2.415e-05
