2.05       0.0005179          0.5044
2.05       0.0006251          0.5016
2.05       0.0007543          0.4956
2.05       0.0009103           0.487
2.05        0.001099          0.4764
2.05        0.001326          0.4648
2.05          0.0016          0.4527
2.05        0.001931          0.4404
2.05         0.00233          0.4283
2.05        0.002812          0.4165
2.05        0.003393          0.4052
2.05        0.004095          0.3946
2.05        0.004942          0.3847
2.05        0.005964          0.3757
2.05        0.007197          0.3677
2.05        0.008685          0.3606
2.05         0.01048          0.3546
2.05         0.01265          0.3498
2.05         0.01526          0.3455
2.05         0.01842          0.3369
2.05         0.02223          0.3422
2.05         0.02683          0.3488
2.05         0.03237          0.3483
2.05         0.03907          0.3479
2.05         0.04715          0.3479
2.05          0.0569           0.348
2.05         0.06866          0.3482
2.05         0.08286          0.3485
2.05             0.1          0.3492
2.05           0.101          0.3493
2.05          0.1191          0.3499
2.05          0.1373          0.3503
2.05          0.1554          0.3504
2.05          0.1736          0.3498
2.05          0.1917          0.3484
2.05          0.2099          0.3462
2.05           0.228          0.3427
2.05          0.2461          0.3394
2.05          0.2643          0.3339
2.05          0.2824          0.3273
2.05          0.3006          0.3198
2.05          0.3187          0.3115
2.05          0.3369          0.3023
2.05           0.355          0.2923
2.05          0.3731          0.2817
2.05          0.3913          0.2704
2.05          0.4094          0.2587
2.05          0.4276          0.2465
2.05          0.4457          0.2339
2.05          0.4639          0.2211
2.05           0.482          0.2081
2.05          0.5001           0.195
2.05          0.5183          0.1819
2.05          0.5364          0.1688
2.05          0.5546          0.1559
2.05          0.5727          0.1433
2.05          0.5909          0.1309
2.05           0.609          0.1188
2.05          0.6271          0.1072
2.05          0.6453         0.09608
2.05          0.6634         0.08545
2.05          0.6816         0.07538
2.05          0.6997          0.0659
2.05          0.7179         0.05705
2.05           0.736         0.04884
2.05          0.7541          0.0413
2.05          0.7723         0.03442
2.05          0.7904         0.02823
2.05          0.8086         0.02271
2.05          0.8267         0.01784
2.05          0.8449         0.01364
2.05           0.863         0.01007
2.05          0.8811        0.007106
2.05          0.8993        0.004725
2.05          0.9174        0.002889
2.05          0.9356        0.001558
2.05          0.9537       0.0006788
2.05          0.9719        0.000192
2.05            0.99       1.345e-05
5.15        0.001326          0.5783
5.15          0.0016          0.5905
5.15        0.001931           0.592
5.15         0.00233          0.5852
5.15        0.002812          0.5732
5.15        0.003393          0.5582
5.15        0.004095          0.5418
5.15        0.004942          0.5251
5.15        0.005964          0.5085
5.15        0.007197          0.4926
5.15        0.008685          0.4776
5.15         0.01048          0.4635
5.15         0.01265          0.4506
5.15         0.01526          0.4387
5.15         0.01842          0.4279
5.15         0.02223          0.4181
5.15         0.02683          0.4091
5.15         0.03237          0.4009
5.15         0.03907          0.3927
5.15         0.04715          0.3886
5.15          0.0569          0.3832
5.15         0.06866          0.3781
5.15         0.08286          0.3735
5.15             0.1          0.3689
5.15           0.101          0.3687
5.15          0.1191          0.3647
5.15          0.1373          0.3609
5.15          0.1554          0.3567
5.15          0.1736           0.352
5.15          0.1917          0.3464
5.15          0.2099          0.3398
5.15           0.228          0.3324
5.15          0.2461           0.324
5.15          0.2643          0.3147
5.15          0.2824          0.3046
5.15          0.3006          0.2938
5.15          0.3187          0.2824
5.15          0.3369          0.2704
5.15           0.355          0.2579
5.15          0.3731          0.2451
5.15          0.3913           0.232
5.15          0.4094           0.219
5.15          0.4276          0.2058
5.15          0.4457          0.1925
5.15          0.4639          0.1792
5.15           0.482          0.1662
5.15          0.5001          0.1534
5.15          0.5183           0.141
5.15          0.5364          0.1288
5.15          0.5546          0.1171
5.15          0.5727          0.1058
5.15          0.5909         0.09502
5.15           0.609         0.08482
5.15          0.6271         0.07519
5.15          0.6453         0.06617
5.15          0.6634         0.05777
5.15          0.6816            0.05
5.15          0.6997         0.04286
5.15          0.7179         0.03635
5.15           0.736         0.03046
5.15          0.7541         0.02519
5.15          0.7723         0.02051
5.15          0.7904         0.01641
5.15          0.8086         0.01287
5.15          0.8267        0.009827
5.15          0.8449        0.007287
5.15           0.863        0.005204
5.15          0.8811        0.003541
5.15          0.8993        0.002259
5.15          0.9174        0.001317
5.15          0.9356       0.0006698
5.15          0.9537       0.0002713
5.15          0.9719       6.915e-05
5.15            0.99        3.91e-06
8.15         0.00233          0.6135
8.15        0.002812           0.621
8.15        0.003393          0.6171
8.15        0.004095          0.6054
8.15        0.004942          0.5894
8.15        0.005964          0.5713
8.15        0.007197          0.5525
8.15        0.008685          0.5339
8.15         0.01048          0.5159
8.15         0.01265          0.4988
8.15         0.01526          0.4828
8.15         0.01842          0.4679
8.15         0.02223           0.454
8.15         0.02683          0.4411
8.15         0.03237           0.429
8.15         0.03907          0.4177
8.15         0.04715          0.4072
8.15          0.0569          0.3975
8.15         0.06866          0.3887
8.15         0.08286          0.3823
8.15             0.1          0.3761
8.15           0.101          0.3757
8.15          0.1191          0.3691
8.15          0.1373           0.363
8.15          0.1554          0.3569
8.15          0.1736          0.3503
8.15          0.1917           0.343
8.15          0.2099          0.3348
8.15           0.228          0.3258
8.15          0.2461           0.316
8.15          0.2643          0.3054
8.15          0.2824          0.2941
8.15          0.3006          0.2822
8.15          0.3187          0.2698
8.15          0.3369           0.257
8.15           0.355          0.2438
8.15          0.3731          0.2305
8.15          0.3913           0.217
8.15          0.4094          0.2035
8.15          0.4276            0.19
8.15          0.4457          0.1767
8.15          0.4639          0.1636
8.15           0.482          0.1508
8.15          0.5001          0.1383
8.15          0.5183          0.1263
8.15          0.5364          0.1146
8.15          0.5546          0.1037
8.15          0.5727         0.09334
8.15          0.5909         0.08331
8.15           0.609         0.07388
8.15          0.6271         0.06506
8.15          0.6453         0.05684
8.15          0.6634         0.04927
8.15          0.6816         0.04233
8.15          0.6997         0.03601
8.15          0.7179          0.0303
8.15           0.736         0.02518
8.15          0.7541         0.02064
8.15          0.7723         0.01666
8.15          0.7904          0.0132
8.15          0.8086         0.01024
8.15          0.8267        0.007734
8.15          0.8449        0.005667
8.15           0.863        0.003994
8.15          0.8811        0.002678
8.15          0.8993         0.00168
8.15          0.9174       0.0009605
8.15          0.9356       0.0004773
8.15          0.9537       0.0001876
8.15          0.9719       4.584e-05
8.15            0.99       2.377e-06
12.90        0.003393          0.6193
12.90        0.004095          0.6325
12.90        0.004942          0.6318
12.90        0.005964          0.6212
12.90        0.007197          0.6048
12.90        0.008685          0.5855
12.90         0.01048          0.5652
12.90         0.01265          0.5449
12.90         0.01526          0.5251
12.90         0.01842          0.5063
12.90         0.02223          0.4884
12.90         0.02683          0.4716
12.90         0.03237          0.4557
12.90         0.03907          0.4408
12.90         0.04715          0.4268
12.90          0.0569          0.4138
12.90         0.06866          0.4018
12.90         0.08286          0.3907
12.90             0.1          0.3803
12.90           0.101          0.3798
12.90          0.1191          0.3714
12.90          0.1373          0.3641
12.90          0.1554          0.3564
12.90          0.1736           0.348
12.90          0.1917          0.3391
12.90          0.2099          0.3295
12.90           0.228          0.3192
12.90          0.2461          0.3081
12.90          0.2643          0.2964
12.90          0.2824          0.2842
12.90          0.3006          0.2715
12.90          0.3187          0.2583
12.90          0.3369          0.2449
12.90           0.355          0.2313
12.90          0.3731          0.2176
12.90          0.3913          0.2039
12.90          0.4094          0.1903
12.90          0.4276          0.1768
12.90          0.4457          0.1636
12.90          0.4639          0.1507
12.90           0.482          0.1382
12.90          0.5001          0.1261
12.90          0.5183          0.1145
12.90          0.5364          0.1034
12.90          0.5546         0.09286
12.90          0.5727          0.0829
12.90          0.5909         0.07356
12.90           0.609         0.06484
12.90          0.6271         0.05675
12.90          0.6453         0.04953
12.90          0.6634         0.04264
12.90          0.6816         0.03639
12.90          0.6997         0.03075
12.90          0.7179         0.02575
12.90           0.736         0.02125
12.90          0.7541         0.01728
12.90          0.7723         0.01383
12.90          0.7904         0.01087
12.90          0.8086        0.008355
12.90          0.8267        0.006248
12.90          0.8449        0.004529
12.90           0.863        0.003154
12.90          0.8811        0.002087
12.90          0.8993         0.00129
12.90          0.9174       0.0007247
12.90          0.9356       0.0003526
12.90          0.9537       0.0001349
12.90          0.9719        3.17e-05
12.90            0.99       1.519e-06
20.50        0.005964          0.6269
20.50        0.007197          0.6297
20.50        0.008685          0.6208
20.50         0.01048          0.6047
20.50         0.01265          0.5849
20.50         0.01526          0.5635
20.50         0.01842          0.5419
20.50         0.02223          0.5207
20.50         0.02683          0.5003
20.50         0.03237          0.4808
20.50         0.03907          0.4623
20.50         0.04715          0.4449
20.50          0.0569          0.4287
20.50         0.06866          0.4136
20.50         0.08286          0.3997
20.50             0.1          0.3867
20.50           0.101           0.386
20.50          0.1191          0.3747
20.50          0.1373          0.3644
20.50          0.1554          0.3549
20.50          0.1736           0.345
20.50          0.1917          0.3347
20.50          0.2099          0.3242
20.50           0.228          0.3127
20.50          0.2461          0.3006
20.50          0.2643           0.288
20.50          0.2824          0.2749
20.50          0.3006          0.2615
20.50          0.3187          0.2479
20.50          0.3369           0.234
20.50           0.355          0.2201
20.50          0.3731          0.2062
20.50          0.3913          0.1924
20.50          0.4094          0.1788
20.50          0.4276          0.1654
20.50          0.4457          0.1524
20.50          0.4639          0.1397
20.50           0.482          0.1276
20.50          0.5001          0.1159
20.50          0.5183          0.1047
20.50          0.5364         0.09414
20.50          0.5546         0.08411
20.50          0.5727         0.07474
20.50          0.5909         0.06598
20.50           0.609         0.05786
20.50          0.6271         0.05037
20.50          0.6453          0.0435
20.50          0.6634         0.03725
20.50          0.6816          0.0316
20.50          0.6997         0.02653
20.50          0.7179         0.02208
20.50           0.736         0.01809
20.50          0.7541         0.01461
20.50          0.7723         0.01164
20.50          0.7904        0.009119
20.50          0.8086         0.00695
20.50          0.8267        0.005151
20.50          0.8449        0.003696
20.50           0.863        0.002547
20.50          0.8811        0.001665
20.50          0.8993        0.001015
20.50          0.9174       0.0005615
20.50          0.9356        0.000268
20.50          0.9537          0.0001
20.50          0.9719       2.269e-05
20.50            0.99       1.013e-06
51.50         0.01526          0.5833
51.50         0.01842          0.5772
51.50         0.02223          0.5621
51.50         0.02683           0.542
51.50         0.03237          0.5196
51.50         0.03907          0.4967
51.50         0.04715          0.4741
51.50          0.0569          0.4525
51.50         0.06866          0.4322
51.50         0.08286          0.4132
51.50             0.1          0.3952
51.50           0.101          0.3942
51.50          0.1191          0.3786
51.50          0.1373          0.3649
51.50          0.1554          0.3519
51.50          0.1736          0.3392
51.50          0.1917          0.3264
51.50          0.2099          0.3134
51.50           0.228             0.3
51.50          0.2461          0.2863
51.50          0.2643          0.2724
51.50          0.2824          0.2582
51.50          0.3006          0.2439
51.50          0.3187          0.2295
51.50          0.3369          0.2152
51.50           0.355           0.201
51.50          0.3731          0.1871
51.50          0.3913          0.1734
51.50          0.4094            0.16
51.50          0.4276           0.147
51.50          0.4457          0.1344
51.50          0.4639          0.1224
51.50           0.482          0.1109
51.50          0.5001         0.09995
51.50          0.5183         0.08965
51.50          0.5364         0.07999
51.50          0.5546         0.07089
51.50          0.5727         0.06248
51.50          0.5909         0.05471
51.50           0.609         0.04756
51.50          0.6271         0.04105
51.50          0.6453         0.03513
51.50          0.6634         0.02981
51.50          0.6816         0.02505
51.50          0.6997         0.02082
51.50          0.7179          0.0171
51.50           0.736         0.01386
51.50          0.7541         0.01107
51.50          0.7723        0.008688
51.50          0.7904        0.006683
51.50          0.8086        0.005027
51.50          0.8267        0.003669
51.50          0.8449         0.00259
51.50           0.863        0.001752
51.50          0.8811        0.001135
51.50          0.8993       0.0006766
51.50          0.9174       0.0003642
51.50          0.9356       0.0001683
51.50          0.9537        6.02e-05
51.50          0.9719       1.285e-05
51.50            0.99       5.065e-07
129.20         0.03237          0.5058
129.20         0.03907          0.4986
129.20         0.04715          0.4837
129.20          0.0569          0.4642
129.20         0.06866          0.4429
129.20         0.08286          0.4214
129.20             0.1          0.4001
129.20           0.101           0.399
129.20          0.1191          0.3802
129.20          0.1373          0.3636
129.20          0.1554          0.3481
129.20          0.1736          0.3332
129.20          0.1917          0.3185
129.20          0.2099          0.3038
129.20           0.228           0.289
129.20          0.2461          0.2741
129.20          0.2643          0.2592
129.20          0.2824          0.2442
129.20          0.3006          0.2293
129.20          0.3187          0.2145
129.20          0.3369          0.1999
129.20           0.355          0.1856
129.20          0.3731          0.1717
129.20          0.3913          0.1581
129.20          0.4094           0.145
129.20          0.4276          0.1324
129.20          0.4457          0.1203
129.20          0.4639          0.1089
129.20           0.482         0.09803
129.20          0.5001         0.08781
129.20          0.5183         0.07826
129.20          0.5364         0.06937
129.20          0.5546         0.06106
129.20          0.5727         0.05358
129.20          0.5909          0.0466
129.20           0.609         0.04023
129.20          0.6271         0.03447
129.20          0.6453         0.02929
129.20          0.6634         0.02465
129.20          0.6816         0.02056
129.20          0.6997         0.01695
129.20          0.7179          0.0138
129.20           0.736         0.01109
129.20          0.7541        0.008767
129.20          0.7723         0.00681
129.20          0.7904        0.005182
129.20          0.8086        0.003852
129.20          0.8267        0.002775
129.20          0.8449        0.001932
129.20           0.863        0.001288
129.20          0.8811       0.0008108
129.20          0.8993       0.0004736
129.20          0.9174       0.0002489
129.20          0.9356       0.0001117
129.20          0.9537       3.904e-05
129.20          0.9719       7.904e-06
129.20            0.99       2.803e-07
514.50          0.1373          0.3639
514.50          0.1554          0.3489
514.50          0.1736          0.3328
514.50          0.1917          0.3161
514.50          0.2099          0.2993
514.50           0.228          0.2824
514.50          0.2461          0.2656
514.50          0.2643          0.2489
514.50          0.2824          0.2325
514.50          0.3006          0.2165
514.50          0.3187          0.2008
514.50          0.3369          0.1855
514.50           0.355          0.1708
514.50          0.3731          0.1566
514.50          0.3913           0.143
514.50          0.4094          0.1301
514.50          0.4276          0.1178
514.50          0.4457          0.1062
514.50          0.4639         0.09528
514.50           0.482         0.08507
514.50          0.5001         0.07556
514.50          0.5183         0.06677
514.50          0.5364         0.05869
514.50          0.5546         0.05119
514.50          0.5727         0.04442
514.50          0.5909         0.03828
514.50           0.609         0.03274
514.50          0.6271         0.02778
514.50          0.6453         0.02337
514.50          0.6634         0.01947
514.50          0.6816         0.01606
514.50          0.6997          0.0131
514.50          0.7179         0.01054
514.50           0.736        0.008369
514.50          0.7541        0.006535
514.50          0.7723         0.00501
514.50          0.7904        0.003759
514.50          0.8086        0.002752
514.50          0.8267         0.00195
514.50          0.8449        0.001333
514.50           0.863       0.0008771
514.50          0.8811       0.0005401
514.50          0.8993       0.0003074
514.50          0.9174       0.0001567
514.50          0.9356       6.778e-05
514.50          0.9537       2.226e-05
514.50          0.9719       4.196e-06
514.50            0.99       1.303e-07
