2.05       0.0005179          0.4628
2.05       0.0006251          0.4745
2.05       0.0007543          0.4794
2.05       0.0009103          0.4786
2.05        0.001099          0.4742
2.05        0.001326          0.4676
2.05          0.0016          0.4598
2.05        0.001931          0.4514
2.05         0.00233          0.4428
2.05        0.002812           0.434
2.05        0.003393          0.4254
2.05        0.004095          0.4167
2.05        0.004942           0.408
2.05        0.005964          0.3994
2.05        0.007197          0.3908
2.05        0.008685          0.3822
2.05         0.01048          0.3737
2.05         0.01265          0.3656
2.05         0.01526          0.3579
2.05         0.01842          0.3511
2.05         0.02223          0.3455
2.05         0.02683          0.3416
2.05         0.03237          0.3397
2.05         0.03907            0.34
2.05         0.04715          0.3425
2.05          0.0569          0.3466
2.05         0.06866          0.3516
2.05         0.08286          0.3561
2.05             0.1           0.359
2.05           0.101          0.3591
2.05          0.1191          0.3596
2.05          0.1373          0.3584
2.05          0.1554          0.3559
2.05          0.1736          0.3524
2.05          0.1917          0.3481
2.05          0.2099          0.3431
2.05           0.228          0.3372
2.05          0.2461          0.3304
2.05          0.2643          0.3229
2.05          0.2824          0.3146
2.05          0.3006          0.3056
2.05          0.3187          0.2961
2.05          0.3369          0.2861
2.05           0.355          0.2757
2.05          0.3731          0.2651
2.05          0.3913          0.2543
2.05          0.4094          0.2435
2.05          0.4276          0.2328
2.05          0.4457          0.2222
2.05          0.4639          0.2119
2.05           0.482          0.2017
2.05          0.5001          0.1919
2.05          0.5183          0.1823
2.05          0.5364          0.1731
2.05          0.5546          0.1643
2.05          0.5727          0.1557
2.05          0.5909          0.1476
2.05           0.609          0.1398
2.05          0.6271          0.1324
2.05          0.6453          0.1252
2.05          0.6634          0.1185
2.05          0.6816           0.112
2.05          0.6997          0.1059
2.05          0.7179             0.1
2.05           0.736         0.09441
2.05          0.7541          0.0891
2.05          0.7723         0.08404
2.05          0.7904         0.07922
2.05          0.8086         0.07463
2.05          0.8267         0.07026
2.05          0.8449          0.0661
2.05           0.863         0.06213
2.05          0.8811         0.05835
2.05          0.8993         0.05475
2.05          0.9174         0.05133
2.05          0.9356         0.04806
2.05          0.9537         0.04495
2.05          0.9719         0.04199
2.05            0.99         0.03919
5.15        0.001326          0.5512
5.15          0.0016          0.5835
5.15        0.001931          0.5987
5.15         0.00233          0.6008
5.15        0.002812          0.5943
5.15        0.003393          0.5827
5.15        0.004095          0.5683
5.15        0.004942          0.5524
5.15        0.005964          0.5359
5.15        0.007197          0.5193
5.15        0.008685          0.5029
5.15         0.01048           0.487
5.15         0.01265          0.4719
5.15         0.01526          0.4577
5.15         0.01842          0.4447
5.15         0.02223          0.4331
5.15         0.02683           0.423
5.15         0.03237          0.4147
5.15         0.03907           0.408
5.15         0.04715          0.4028
5.15          0.0569          0.3986
5.15         0.06866          0.3947
5.15         0.08286          0.3906
5.15             0.1          0.3856
5.15           0.101          0.3853
5.15          0.1191          0.3796
5.15          0.1373          0.3737
5.15          0.1554          0.3675
5.15          0.1736           0.361
5.15          0.1917          0.3539
5.15          0.2099          0.3461
5.15           0.228          0.3377
5.15          0.2461          0.3284
5.15          0.2643          0.3184
5.15          0.2824          0.3077
5.15          0.3006          0.2963
5.15          0.3187          0.2844
5.15          0.3369           0.272
5.15           0.355          0.2593
5.15          0.3731          0.2464
5.15          0.3913          0.2334
5.15          0.4094          0.2204
5.15          0.4276          0.2075
5.15          0.4457          0.1947
5.15          0.4639          0.1822
5.15           0.482            0.17
5.15          0.5001          0.1581
5.15          0.5183          0.1467
5.15          0.5364          0.1356
5.15          0.5546           0.125
5.15          0.5727          0.1149
5.15          0.5909          0.1052
5.15           0.609         0.09604
5.15          0.6271         0.08737
5.15          0.6453          0.0792
5.15          0.6634         0.07153
5.15          0.6816         0.06434
5.15          0.6997         0.05764
5.15          0.7179         0.05141
5.15           0.736         0.04563
5.15          0.7541         0.04031
5.15          0.7723         0.03542
5.15          0.7904         0.03094
5.15          0.8086         0.02687
5.15          0.8267         0.02318
5.15          0.8449         0.01985
5.15           0.863         0.01687
5.15          0.8811         0.01421
5.15          0.8993         0.01187
5.15          0.9174        0.009804
5.15          0.9356        0.008011
5.15          0.9537        0.006466
5.15          0.9719        0.005151
5.15            0.99        0.004063
8.15         0.00233          0.6032
8.15        0.002812          0.6257
8.15        0.003393          0.6312
8.15        0.004095          0.6253
8.15        0.004942          0.6125
8.15        0.005964          0.5958
8.15        0.007197          0.5773
8.15        0.008685          0.5581
8.15         0.01048          0.5389
8.15         0.01265          0.5203
8.15         0.01526          0.5025
8.15         0.01842          0.4859
8.15         0.02223          0.4707
8.15         0.02683           0.457
8.15         0.03237           0.445
8.15         0.03907          0.4345
8.15         0.04715          0.4253
8.15          0.0569          0.4171
8.15         0.06866          0.4094
8.15         0.08286          0.4016
8.15             0.1          0.3931
8.15           0.101          0.3927
8.15          0.1191          0.3844
8.15          0.1373          0.3764
8.15          0.1554          0.3685
8.15          0.1736          0.3604
8.15          0.1917          0.3519
8.15          0.2099          0.3429
8.15           0.228          0.3332
8.15          0.2461          0.3228
8.15          0.2643          0.3118
8.15          0.2824          0.3001
8.15          0.3006          0.2878
8.15          0.3187          0.2751
8.15          0.3369           0.262
8.15           0.355          0.2486
8.15          0.3731          0.2351
8.15          0.3913          0.2216
8.15          0.4094          0.2081
8.15          0.4276          0.1947
8.15          0.4457          0.1816
8.15          0.4639          0.1688
8.15           0.482          0.1563
8.15          0.5001          0.1442
8.15          0.5183          0.1325
8.15          0.5364          0.1214
8.15          0.5546          0.1107
8.15          0.5727          0.1005
8.15          0.5909         0.09091
8.15           0.609         0.08184
8.15          0.6271         0.07332
8.15          0.6453         0.06536
8.15          0.6634         0.05795
8.15          0.6816         0.05109
8.15          0.6997         0.04476
8.15          0.7179         0.03896
8.15           0.736         0.03367
8.15          0.7541         0.02887
8.15          0.7723         0.02455
8.15          0.7904         0.02069
8.15          0.8086         0.01726
8.15          0.8267         0.01423
8.15          0.8449          0.0116
8.15           0.863        0.009317
8.15          0.8811        0.007371
8.15          0.8993         0.00573
8.15          0.9174        0.004366
8.15          0.9356        0.003252
8.15          0.9537        0.002362
8.15          0.9719        0.001668
8.15            0.99        0.001155
12.90        0.003393          0.6056
12.90        0.004095          0.6332
12.90        0.004942          0.6418
12.90        0.005964          0.6366
12.90        0.007197           0.623
12.90        0.008685          0.6049
12.90         0.01048          0.5846
12.90         0.01265          0.5637
12.90         0.01526           0.543
12.90         0.01842          0.5231
12.90         0.02223          0.5043
12.90         0.02683          0.4871
12.90         0.03237          0.4713
12.90         0.03907          0.4571
12.90         0.04715          0.4442
12.90          0.0569          0.4323
12.90         0.06866           0.421
12.90         0.08286          0.4098
12.90             0.1          0.3984
12.90           0.101          0.3977
12.90          0.1191          0.3871
12.90          0.1373          0.3772
12.90          0.1554          0.3676
12.90          0.1736          0.3581
12.90          0.1917          0.3483
12.90          0.2099          0.3381
12.90           0.228          0.3274
12.90          0.2461           0.316
12.90          0.2643           0.304
12.90          0.2824          0.2915
12.90          0.3006          0.2786
12.90          0.3187          0.2652
12.90          0.3369          0.2516
12.90           0.355          0.2378
12.90          0.3731          0.2239
12.90          0.3913          0.2101
12.90          0.4094          0.1963
12.90          0.4276          0.1828
12.90          0.4457          0.1696
12.90          0.4639          0.1567
12.90           0.482          0.1442
12.90          0.5001          0.1322
12.90          0.5183          0.1206
12.90          0.5364          0.1096
12.90          0.5546         0.09911
12.90          0.5727         0.08918
12.90          0.5909         0.07983
12.90           0.609         0.07107
12.90          0.6271          0.0629
12.90          0.6453         0.05532
12.90          0.6634         0.04833
12.90          0.6816         0.04192
12.90          0.6997         0.03607
12.90          0.7179         0.03077
12.90           0.736         0.02601
12.90          0.7541         0.02176
12.90          0.7723           0.018
12.90          0.7904          0.0147
12.90          0.8086         0.01183
12.90          0.8267        0.009377
12.90          0.8449        0.007296
12.90           0.863        0.005559
12.90          0.8811        0.004135
12.90          0.8993         0.00299
12.90          0.9174         0.00209
12.90          0.9356        0.001402
12.90          0.9537       0.0008968
12.90          0.9719       0.0005406
12.90            0.99       0.0003089
20.50        0.005964          0.6206
20.50        0.007197          0.6334
20.50        0.008685          0.6302
20.50         0.01048          0.6169
20.50         0.01265          0.5981
20.50         0.01526          0.5767
20.50         0.01842          0.5547
20.50         0.02223           0.533
20.50         0.02683          0.5124
20.50         0.03237          0.4931
20.50         0.03907          0.4753
20.50         0.04715          0.4589
20.50          0.0569          0.4437
20.50         0.06866          0.4292
20.50         0.08286          0.4151
20.50             0.1          0.4011
20.50           0.101          0.4003
20.50          0.1191          0.3876
20.50          0.1373           0.376
20.50          0.1554          0.3651
20.50          0.1736          0.3543
20.50          0.1917          0.3435
20.50          0.2099          0.3322
20.50           0.228          0.3206
20.50          0.2461          0.3084
20.50          0.2643          0.2957
20.50          0.2824          0.2826
20.50          0.3006          0.2691
20.50          0.3187          0.2553
20.50          0.3369          0.2413
20.50           0.355          0.2272
20.50          0.3731          0.2132
20.50          0.3913          0.1992
20.50          0.4094          0.1854
20.50          0.4276          0.1719
20.50          0.4457          0.1588
20.50          0.4639           0.146
20.50           0.482          0.1337
20.50          0.5001          0.1219
20.50          0.5183          0.1106
20.50          0.5364         0.09981
20.50          0.5546         0.08964
20.50          0.5727         0.08007
20.50          0.5909          0.0711
20.50           0.609         0.06274
20.50          0.6271           0.055
20.50          0.6453         0.04786
20.50          0.6634         0.04133
20.50          0.6816         0.03539
20.50          0.6997         0.03002
20.50          0.7179         0.02521
20.50           0.736         0.02093
20.50          0.7541         0.01717
20.50          0.7723         0.01389
20.50          0.7904         0.01105
20.50          0.8086        0.008646
20.50          0.8267        0.006624
20.50          0.8449        0.004954
20.50           0.863        0.003603
20.50          0.8811        0.002535
20.50          0.8993        0.001711
20.50          0.9174        0.001095
20.50          0.9356       0.0006525
20.50          0.9537       0.0003515
20.50          0.9719        0.000158
20.50            0.99       4.232e-05
51.50         0.01526          0.5882
51.50         0.01842          0.5849
51.50         0.02223          0.5711
51.50         0.02683          0.5514
51.50         0.03237          0.5293
51.50         0.03907          0.5067
51.50         0.04715          0.4847
51.50          0.0569          0.4635
51.50         0.06866          0.4434
51.50         0.08286           0.424
51.50             0.1          0.4051
51.50           0.101          0.4041
51.50          0.1191          0.3875
51.50          0.1373          0.3729
51.50          0.1554          0.3594
51.50          0.1736          0.3463
51.50          0.1917          0.3334
51.50          0.2099          0.3204
51.50           0.228          0.3071
51.50          0.2461          0.2936
51.50          0.2643          0.2798
51.50          0.2824          0.2657
51.50          0.3006          0.2514
51.50          0.3187           0.237
51.50          0.3369          0.2226
51.50           0.355          0.2083
51.50          0.3731          0.1942
51.50          0.3913          0.1802
51.50          0.4094          0.1667
51.50          0.4276          0.1534
51.50          0.4457          0.1407
51.50          0.4639          0.1284
51.50           0.482          0.1166
51.50          0.5001          0.1054
51.50          0.5183         0.09479
51.50          0.5364         0.08477
51.50          0.5546         0.07537
51.50          0.5727          0.0666
51.50          0.5909         0.05846
51.50           0.609         0.05095
51.50          0.6271         0.04406
51.50          0.6453         0.03779
51.50          0.6634         0.03211
51.50          0.6816         0.02701
51.50          0.6997         0.02247
51.50          0.7179         0.01847
51.50           0.736         0.01497
51.50          0.7541         0.01195
51.50          0.7723        0.009374
51.50          0.7904        0.007206
51.50          0.8086        0.005412
51.50          0.8267        0.003953
51.50          0.8449        0.002792
51.50           0.863        0.001892
51.50          0.8811        0.001217
51.50          0.8993       0.0007273
51.50          0.9174       0.0003863
51.50          0.9356       0.0001615
51.50          0.9537       2.286e-05
51.50          0.9719      -5.989e-05
51.50            0.99      -0.0001148
129.20         0.03237          0.5159
129.20         0.03907          0.5081
129.20         0.04715          0.4927
129.20          0.0569          0.4729
129.20         0.06866          0.4511
129.20         0.08286          0.4289
129.20             0.1          0.4067
129.20           0.101          0.4055
129.20          0.1191           0.386
129.20          0.1373          0.3689
129.20          0.1554          0.3532
129.20          0.1736          0.3382
129.20          0.1917          0.3237
129.20          0.2099          0.3092
129.20           0.228          0.2947
129.20          0.2461            0.28
129.20          0.2643          0.2653
129.20          0.2824          0.2506
129.20          0.3006          0.2358
129.20          0.3187          0.2211
129.20          0.3369          0.2065
129.20           0.355          0.1922
129.20          0.3731          0.1781
129.20          0.3913          0.1644
129.20          0.4094          0.1512
129.20          0.4276          0.1384
129.20          0.4457          0.1261
129.20          0.4639          0.1144
129.20           0.482          0.1033
129.20          0.5001         0.09276
129.20          0.5183         0.08286
129.20          0.5364         0.07359
129.20          0.5546         0.06495
129.20          0.5727         0.05695
129.20          0.5909         0.04959
129.20           0.609         0.04285
129.20          0.6271         0.03672
129.20          0.6453         0.03118
129.20          0.6634         0.02622
129.20          0.6816         0.02181
129.20          0.6997         0.01792
129.20          0.7179         0.01453
129.20           0.736         0.01161
129.20          0.7541        0.009114
129.20          0.7723        0.007016
129.20          0.7904         0.00528
129.20          0.8086         0.00387
129.20          0.8267        0.002745
129.20          0.8449         0.00187
129.20           0.863        0.001209
129.20          0.8811       0.0007286
129.20          0.8993       0.0003916
129.20          0.9174       0.0001655
129.20          0.9356       2.201e-05
129.20          0.9537      -6.442e-05
129.20          0.9719      -0.0001184
129.20            0.99      -0.0001619
514.50          0.1373           0.367
514.50          0.1554          0.3513
514.50          0.1736          0.3351
514.50          0.1917          0.3186
514.50          0.2099          0.3022
514.50           0.228          0.2857
514.50          0.2461          0.2693
514.50          0.2643          0.2531
514.50          0.2824          0.2371
514.50          0.3006          0.2213
514.50          0.3187          0.2058
514.50          0.3369          0.1907
514.50           0.355          0.1761
514.50          0.3731          0.1619
514.50          0.3913          0.1483
514.50          0.4094          0.1353
514.50          0.4276          0.1229
514.50          0.4457          0.1111
514.50          0.4639         0.09998
514.50           0.482         0.08952
514.50          0.5001         0.07974
514.50          0.5183         0.07063
514.50          0.5364         0.06219
514.50          0.5546         0.05441
514.50          0.5727         0.04728
514.50          0.5909         0.04078
514.50           0.609         0.03489
514.50          0.6271          0.0296
514.50          0.6453         0.02487
514.50          0.6634         0.02068
514.50          0.6816           0.017
514.50          0.6997          0.0138
514.50          0.7179         0.01104
514.50           0.736        0.008693
514.50          0.7541        0.006718
514.50          0.7723        0.005082
514.50          0.7904        0.003751
514.50          0.8086        0.002687
514.50          0.8267        0.001855
514.50          0.8449         0.00122
514.50           0.863       0.0007516
514.50          0.8811       0.0004193
514.50          0.8993       0.0001915
514.50          0.9174       4.177e-05
514.50          0.9356      -5.235e-05
514.50          0.9537      -0.0001105
514.50          0.9719      -0.0001507
514.50            0.99      -0.0001874
