2.05       0.0005179          0.5013
2.05       0.0006251          0.4959
2.05       0.0007543          0.4892
2.05       0.0009103          0.4808
2.05        0.001099          0.4713
2.05        0.001326          0.4612
2.05          0.0016          0.4508
2.05        0.001931          0.4402
2.05         0.00233            0.43
2.05        0.002812          0.4202
2.05        0.003393          0.4109
2.05        0.004095          0.4021
2.05        0.004942          0.3938
2.05        0.005964          0.3861
2.05        0.007197           0.379
2.05        0.008685          0.3725
2.05         0.01048          0.3661
2.05         0.01265          0.3605
2.05         0.01526          0.3567
2.05         0.01842          0.3536
2.05         0.02223           0.352
2.05         0.02683          0.3514
2.05         0.03237          0.3508
2.05         0.03907          0.3472
2.05         0.04715          0.3458
2.05          0.0569          0.3462
2.05         0.06866          0.3462
2.05         0.08286          0.3458
2.05             0.1          0.3443
2.05           0.101          0.3444
2.05          0.1191          0.3467
2.05          0.1373          0.3479
2.05          0.1554          0.3478
2.05          0.1736          0.3477
2.05          0.1917          0.3462
2.05          0.2099          0.3425
2.05           0.228          0.3373
2.05          0.2461          0.3312
2.05          0.2643          0.3244
2.05          0.2824          0.3167
2.05          0.3006           0.308
2.05          0.3187          0.2978
2.05          0.3369          0.2867
2.05           0.355          0.2744
2.05          0.3731          0.2645
2.05          0.3913          0.2526
2.05          0.4094          0.2418
2.05          0.4276          0.2303
2.05          0.4457          0.2183
2.05          0.4639          0.2069
2.05           0.482          0.1946
2.05          0.5001           0.183
2.05          0.5183          0.1719
2.05          0.5364          0.1602
2.05          0.5546          0.1496
2.05          0.5727          0.1395
2.05          0.5909          0.1292
2.05           0.609          0.1195
2.05          0.6271           0.111
2.05          0.6453          0.1032
2.05          0.6634         0.09573
2.05          0.6816         0.08782
2.05          0.6997         0.08096
2.05          0.7179         0.07482
2.05           0.736         0.06843
2.05          0.7541         0.06245
2.05          0.7723         0.05764
2.05          0.7904         0.05285
2.05          0.8086         0.04847
2.05          0.8267         0.04417
2.05          0.8449         0.04009
2.05           0.863         0.03619
2.05          0.8811         0.03228
2.05          0.8993         0.02895
2.05          0.9174         0.02624
2.05          0.9356         0.02379
2.05          0.9537         0.02153
2.05          0.9719         0.01937
2.05            0.99         0.01736
5.15        0.001326          0.5684
5.15          0.0016          0.5817
5.15        0.001931          0.5845
5.15         0.00233          0.5792
5.15        0.002812          0.5686
5.15        0.003393           0.555
5.15        0.004095          0.5399
5.15        0.004942          0.5242
5.15        0.005964          0.5085
5.15        0.007197          0.4932
5.15        0.008685          0.4783
5.15         0.01048          0.4639
5.15         0.01265          0.4504
5.15         0.01526          0.4383
5.15         0.01842          0.4271
5.15         0.02223          0.4173
5.15         0.02683          0.4083
5.15         0.03237          0.3995
5.15         0.03907          0.3907
5.15         0.04715          0.3838
5.15          0.0569          0.3783
5.15         0.06866           0.373
5.15         0.08286          0.3687
5.15             0.1           0.364
5.15           0.101          0.3638
5.15          0.1191            0.36
5.15          0.1373          0.3571
5.15          0.1554          0.3533
5.15          0.1736          0.3494
5.15          0.1917          0.3439
5.15          0.2099           0.337
5.15           0.228           0.329
5.15          0.2461          0.3204
5.15          0.2643          0.3109
5.15          0.2824          0.3006
5.15          0.3006          0.2893
5.15          0.3187           0.277
5.15          0.3369          0.2646
5.15           0.355          0.2523
5.15          0.3731          0.2398
5.15          0.3913          0.2273
5.15          0.4094          0.2143
5.15          0.4276          0.2013
5.15          0.4457          0.1883
5.15          0.4639          0.1752
5.15           0.482          0.1628
5.15          0.5001          0.1502
5.15          0.5183          0.1384
5.15          0.5364          0.1268
5.15          0.5546          0.1156
5.15          0.5727          0.1055
5.15          0.5909         0.09614
5.15           0.609         0.08694
5.15          0.6271         0.07852
5.15          0.6453         0.06886
5.15          0.6634         0.06434
5.15          0.6816         0.05511
5.15          0.6997         0.04758
5.15          0.7179         0.04209
5.15           0.736         0.03674
5.15          0.7541         0.03164
5.15          0.7723          0.0272
5.15          0.7904         0.02355
5.15          0.8086         0.02027
5.15          0.8267         0.01725
5.15          0.8449         0.01461
5.15           0.863         0.01236
5.15          0.8811          0.0105
5.15          0.8993        0.008942
5.15          0.9174        0.007591
5.15          0.9356        0.006392
5.15          0.9537        0.005351
5.15          0.9719        0.004439
5.15            0.99        0.003645
8.15         0.00233          0.6044
8.15        0.002812          0.6133
8.15        0.003393          0.6105
8.15        0.004095          0.5999
8.15        0.004942          0.5848
8.15        0.005964          0.5674
8.15        0.007197          0.5491
8.15        0.008685          0.5305
8.15         0.01048          0.5122
8.15         0.01265          0.4947
8.15         0.01526          0.4785
8.15         0.01842          0.4635
8.15         0.02223          0.4497
8.15         0.02683          0.4368
8.15         0.03237          0.4242
8.15         0.03907          0.4123
8.15         0.04715          0.4022
8.15          0.0569          0.3935
8.15         0.06866          0.3852
8.15         0.08286          0.3781
8.15             0.1          0.3709
8.15           0.101          0.3705
8.15          0.1191          0.3643
8.15          0.1373          0.3593
8.15          0.1554          0.3537
8.15          0.1736           0.348
8.15          0.1917          0.3408
8.15          0.2099          0.3325
8.15           0.228          0.3233
8.15          0.2461          0.3135
8.15          0.2643          0.3029
8.15          0.2824          0.2916
8.15          0.3006          0.2794
8.15          0.3187          0.2666
8.15          0.3369          0.2536
8.15           0.355           0.241
8.15          0.3731          0.2279
8.15          0.3913           0.215
8.15          0.4094          0.2016
8.15          0.4276          0.1884
8.15          0.4457          0.1751
8.15          0.4639          0.1622
8.15           0.482          0.1495
8.15          0.5001          0.1371
8.15          0.5183          0.1254
8.15          0.5364          0.1139
8.15          0.5546          0.1033
8.15          0.5727         0.09359
8.15          0.5909         0.08412
8.15           0.609         0.07562
8.15          0.6271         0.06589
8.15          0.6453         0.06086
8.15          0.6634         0.05187
8.15          0.6816         0.04432
8.15          0.6997         0.03857
8.15          0.7179         0.03318
8.15           0.736         0.02805
8.15          0.7541         0.02387
8.15          0.7723         0.02029
8.15          0.7904         0.01703
8.15          0.8086         0.01418
8.15          0.8267         0.01177
8.15          0.8449        0.009806
8.15           0.863        0.008168
8.15          0.8811        0.006748
8.15          0.8993        0.005522
8.15          0.9174        0.004467
8.15          0.9356        0.003564
8.15          0.9537        0.002799
8.15          0.9719         0.00216
8.15            0.99        0.001657
12.90        0.003393          0.6109
12.90        0.004095          0.6249
12.90        0.004942          0.6249
12.90        0.005964          0.6148
12.90        0.007197          0.5987
12.90        0.008685          0.5794
12.90         0.01048          0.5588
12.90         0.01265          0.5381
12.90         0.01526          0.5184
12.90         0.01842          0.4995
12.90         0.02223          0.4819
12.90         0.02683          0.4652
12.90         0.03237           0.449
12.90         0.03907          0.4338
12.90         0.04715          0.4203
12.90          0.0569          0.4083
12.90         0.06866          0.3969
12.90         0.08286          0.3868
12.90             0.1          0.3768
12.90           0.101          0.3763
12.90          0.1191          0.3677
12.90          0.1373          0.3605
12.90          0.1554          0.3531
12.90          0.1736          0.3456
12.90          0.1917           0.337
12.90          0.2099          0.3274
12.90           0.228           0.317
12.90          0.2461          0.3062
12.90          0.2643          0.2946
12.90          0.2824          0.2824
12.90          0.3006          0.2696
12.90          0.3187          0.2563
12.90          0.3369          0.2429
12.90           0.355          0.2299
12.90          0.3731          0.2164
12.90          0.3913          0.2032
12.90          0.4094          0.1896
12.90          0.4276          0.1763
12.90          0.4457           0.163
12.90          0.4639          0.1503
12.90           0.482          0.1376
12.90          0.5001          0.1256
12.90          0.5183          0.1141
12.90          0.5364           0.103
12.90          0.5546         0.09286
12.90          0.5727         0.08335
12.90          0.5909          0.0744
12.90           0.609         0.06577
12.90          0.6271          0.0578
12.90          0.6453         0.05136
12.90          0.6634         0.04296
12.90          0.6816         0.03715
12.90          0.6997         0.03167
12.90          0.7179         0.02662
12.90           0.736         0.02237
12.90          0.7541         0.01879
12.90          0.7723         0.01557
12.90          0.7904         0.01279
12.90          0.8086         0.01048
12.90          0.8267        0.008588
12.90          0.8449        0.007026
12.90           0.863        0.005671
12.90          0.8811        0.004521
12.90          0.8993        0.003546
12.90          0.9174        0.002728
12.90          0.9356        0.002052
12.90          0.9537        0.001525
12.90          0.9719        0.001101
12.90            0.99       0.0007437
20.50        0.005964          0.6193
20.50        0.007197          0.6221
20.50        0.008685           0.613
20.50         0.01048          0.5965
20.50         0.01265          0.5764
20.50         0.01526           0.555
20.50         0.01842          0.5336
20.50         0.02223          0.5127
20.50         0.02683          0.4926
20.50         0.03237           0.473
20.50         0.03907          0.4545
20.50         0.04715          0.4377
20.50          0.0569          0.4224
20.50         0.06866          0.4079
20.50         0.08286          0.3948
20.50             0.1           0.382
20.50           0.101          0.3813
20.50          0.1191          0.3705
20.50          0.1373          0.3612
20.50          0.1554          0.3521
20.50          0.1736           0.343
20.50          0.1917          0.3329
20.50          0.2099          0.3221
20.50           0.228          0.3107
20.50          0.2461          0.2989
20.50          0.2643          0.2865
20.50          0.2824          0.2735
20.50          0.3006          0.2601
20.50          0.3187          0.2465
20.50          0.3369          0.2327
20.50           0.355          0.2193
20.50          0.3731          0.2057
20.50          0.3913          0.1922
20.50          0.4094          0.1786
20.50          0.4276          0.1653
20.50          0.4457          0.1522
20.50          0.4639          0.1396
20.50           0.482          0.1272
20.50          0.5001          0.1155
20.50          0.5183          0.1043
20.50          0.5364         0.09365
20.50          0.5546         0.08398
20.50          0.5727         0.07477
20.50          0.5909         0.06631
20.50           0.609         0.05735
20.50          0.6271         0.05107
20.50          0.6453         0.04374
20.50          0.6634           0.037
20.50          0.6816         0.03155
20.50          0.6997         0.02653
20.50          0.7179         0.02206
20.50           0.736          0.0184
20.50          0.7541         0.01518
20.50          0.7723         0.01238
20.50          0.7904         0.01004
20.50          0.8086        0.008137
20.50          0.8267        0.006572
20.50          0.8449        0.005239
20.50           0.863        0.004117
20.50          0.8811        0.003173
20.50          0.8993        0.002395
20.50          0.9174         0.00176
20.50          0.9356        0.001271
20.50          0.9537       0.0008793
20.50          0.9719       0.0005595
20.50            0.99        0.000318
51.50         0.01526          0.5731
51.50         0.01842          0.5671
51.50         0.02223          0.5525
51.50         0.02683          0.5329
51.50         0.03237          0.5107
51.50         0.03907          0.4882
51.50         0.04715          0.4664
51.50          0.0569          0.4456
51.50         0.06866          0.4257
51.50         0.08286          0.4073
51.50             0.1          0.3895
51.50           0.101          0.3886
51.50          0.1191          0.3736
51.50          0.1373          0.3607
51.50          0.1554          0.3485
51.50          0.1736          0.3365
51.50          0.1917          0.3241
51.50          0.2099          0.3112
51.50           0.228          0.2981
51.50          0.2461          0.2847
51.50          0.2643           0.271
51.50          0.2824          0.2569
51.50          0.3006          0.2427
51.50          0.3187          0.2284
51.50          0.3369          0.2142
51.50           0.355          0.2005
51.50          0.3731          0.1866
51.50          0.3913           0.173
51.50          0.4094          0.1596
51.50          0.4276          0.1465
51.50          0.4457          0.1339
51.50          0.4639          0.1217
51.50           0.482            0.11
51.50          0.5001         0.09908
51.50          0.5183         0.08862
51.50          0.5364         0.07896
51.50          0.5546         0.07007
51.50          0.5727         0.06169
51.50          0.5909         0.05397
51.50           0.609         0.04682
51.50          0.6271         0.04034
51.50          0.6453         0.03456
51.50          0.6634         0.02931
51.50          0.6816          0.0245
51.50          0.6997          0.0202
51.50          0.7179         0.01663
51.50           0.736          0.0136
51.50          0.7541         0.01097
51.50          0.7723        0.008782
51.50          0.7904        0.007007
51.50          0.8086        0.005559
51.50          0.8267        0.004353
51.50          0.8449        0.003346
51.50           0.863        0.002518
51.50          0.8811        0.001845
51.50          0.8993        0.001313
51.50          0.9174       0.0009083
51.50          0.9356       0.0005907
51.50          0.9537       0.0003457
51.50          0.9719       0.0001747
51.50            0.99       6.615e-05
129.20         0.03237           0.496
129.20         0.03907          0.4896
129.20         0.04715          0.4757
129.20          0.0569          0.4571
129.20         0.06866          0.4362
129.20         0.08286          0.4151
129.20             0.1          0.3941
129.20           0.101          0.3929
129.20          0.1191          0.3748
129.20          0.1373           0.359
129.20          0.1554          0.3443
129.20          0.1736          0.3301
129.20          0.1917          0.3158
129.20          0.2099          0.3013
129.20           0.228          0.2868
129.20          0.2461          0.2723
129.20          0.2643          0.2576
129.20          0.2824          0.2428
129.20          0.3006           0.228
129.20          0.3187          0.2135
129.20          0.3369          0.1991
129.20           0.355          0.1851
129.20          0.3731          0.1714
129.20          0.3913          0.1579
129.20          0.4094          0.1448
129.20          0.4276          0.1321
129.20          0.4457          0.1199
129.20          0.4639          0.1083
129.20           0.482          0.0973
129.20          0.5001         0.08701
129.20          0.5183         0.07731
129.20          0.5364         0.06843
129.20          0.5546         0.06024
129.20          0.5727         0.05263
129.20          0.5909         0.04565
129.20           0.609         0.03926
129.20          0.6271         0.03355
129.20          0.6453         0.02847
129.20          0.6634         0.02387
129.20          0.6816         0.01974
129.20          0.6997         0.01613
129.20          0.7179         0.01317
129.20           0.736         0.01064
129.20          0.7541        0.008487
129.20          0.7723        0.006724
129.20          0.7904        0.005304
129.20          0.8086        0.004145
129.20          0.8267        0.003182
129.20          0.8449        0.002393
129.20           0.863        0.001755
129.20          0.8811        0.001249
129.20          0.8993       0.0008601
129.20          0.9174       0.0005666
129.20          0.9356       0.0003405
129.20          0.9537        0.000179
129.20          0.9719       7.585e-05
129.20            0.99       1.994e-05
514.50          0.1373          0.3577
514.50          0.1554          0.3435
514.50          0.1736          0.3282
514.50          0.1917           0.312
514.50          0.2099          0.2956
514.50           0.228          0.2792
514.50          0.2461          0.2628
514.50          0.2643          0.2465
514.50          0.2824          0.2304
514.50          0.3006          0.2146
514.50          0.3187          0.1992
514.50          0.3369          0.1842
514.50           0.355          0.1698
514.50          0.3731          0.1558
514.50          0.3913          0.1423
514.50          0.4094          0.1294
514.50          0.4276           0.117
514.50          0.4457          0.1054
514.50          0.4639         0.09435
514.50           0.482         0.08406
514.50          0.5001         0.07451
514.50          0.5183         0.06565
514.50          0.5364          0.0576
514.50          0.5546         0.05021
514.50          0.5727         0.04345
514.50          0.5909         0.03731
514.50           0.609         0.03176
514.50          0.6271          0.0269
514.50          0.6453         0.02254
514.50          0.6634         0.01868
514.50          0.6816         0.01528
514.50          0.6997         0.01239
514.50          0.7179            0.01
514.50           0.736        0.007979
514.50          0.7541        0.006299
514.50          0.7723        0.004939
514.50          0.7904        0.003845
514.50          0.8086        0.002955
514.50          0.8267        0.002226
514.50          0.8449         0.00164
514.50           0.863        0.001174
514.50          0.8811       0.0008131
514.50          0.8993       0.0005438
514.50          0.9174       0.0003416
514.50          0.9356       0.0001927
514.50          0.9537       9.258e-05
514.50          0.9719        3.36e-05
514.50            0.99       5.576e-06
