2.05       0.0001151           1.553
2.05       0.0001389           1.214
2.05       0.0001677          0.9853
2.05       0.0002024          0.8363
2.05       0.0002442          0.7388
2.05       0.0002947           0.673
2.05       0.0003556          0.6265
2.05       0.0004292          0.5919
2.05       0.0005179          0.5646
2.05       0.0006251          0.5419
2.05       0.0007543          0.5221
2.05       0.0009103          0.5042
2.05        0.001099          0.4878
2.05        0.001326          0.4723
2.05          0.0016          0.4577
2.05        0.001931          0.4438
2.05         0.00233          0.4305
2.05        0.002812           0.418
2.05        0.003393          0.4063
2.05        0.004095          0.3953
2.05        0.004942          0.3852
2.05        0.005964          0.3761
2.05        0.007197          0.3679
2.05        0.008685          0.3608
2.05         0.01048          0.3548
2.05         0.01265          0.3499
2.05         0.01526          0.3455
2.05         0.01842           0.337
2.05         0.02223          0.3423
2.05         0.02683          0.3488
2.05         0.03237          0.3483
2.05         0.03907           0.348
2.05         0.04715          0.3479
2.05          0.0569           0.348
2.05         0.06866          0.3482
2.05         0.08286          0.3485
2.05             0.1          0.3492
2.05           0.101          0.3493
2.05          0.1191          0.3499
2.05          0.1373          0.3503
2.05          0.1554          0.3504
2.05          0.1736          0.3498
2.05          0.1917          0.3484
2.05          0.2099          0.3462
2.05           0.228          0.3427
2.05          0.2461          0.3394
2.05          0.2643          0.3339
2.05          0.2824          0.3273
2.05          0.3006          0.3198
2.05          0.3187          0.3115
2.05          0.3369          0.3023
2.05           0.355          0.2923
2.05          0.3731          0.2817
2.05          0.3913          0.2704
2.05          0.4094          0.2587
2.05          0.4276          0.2465
2.05          0.4457          0.2339
2.05          0.4639          0.2211
2.05           0.482          0.2081
2.05          0.5001           0.195
2.05          0.5183          0.1819
2.05          0.5364          0.1688
2.05          0.5546          0.1559
2.05          0.5727          0.1433
2.05          0.5909          0.1309
2.05           0.609          0.1188
2.05          0.6271          0.1072
2.05          0.6453         0.09608
2.05          0.6634         0.08545
2.05          0.6816         0.07538
2.05          0.6997          0.0659
2.05          0.7179         0.05705
2.05           0.736         0.04884
2.05          0.7541          0.0413
2.05          0.7723         0.03442
2.05          0.7904         0.02823
2.05          0.8086         0.02271
2.05          0.8267         0.01784
2.05          0.8449         0.01364
2.05           0.863         0.01007
2.05          0.8811        0.007106
2.05          0.8993        0.004725
2.05          0.9174        0.002889
2.05          0.9356        0.001558
2.05          0.9537       0.0006788
2.05          0.9719        0.000192
2.05            0.99       1.345e-05
5.15       0.0002947           1.288
5.15       0.0003556           1.114
5.15       0.0004292          0.9928
5.15       0.0005179          0.9072
5.15       0.0006251          0.8447
5.15       0.0007543          0.7964
5.15       0.0009103          0.7569
5.15        0.001099           0.723
5.15        0.001326          0.6927
5.15          0.0016           0.665
5.15        0.001931          0.6392
5.15         0.00233          0.6148
5.15        0.002812          0.5918
5.15        0.003393            0.57
5.15        0.004095          0.5494
5.15        0.004942          0.5299
5.15        0.005964          0.5117
5.15        0.007197          0.4947
5.15        0.008685          0.4789
5.15         0.01048          0.4644
5.15         0.01265          0.4511
5.15         0.01526          0.4391
5.15         0.01842          0.4281
5.15         0.02223          0.4182
5.15         0.02683          0.4092
5.15         0.03237           0.401
5.15         0.03907          0.3928
5.15         0.04715          0.3887
5.15          0.0569          0.3832
5.15         0.06866          0.3781
5.15         0.08286          0.3735
5.15             0.1          0.3689
5.15           0.101          0.3687
5.15          0.1191          0.3647
5.15          0.1373          0.3609
5.15          0.1554          0.3567
5.15          0.1736           0.352
5.15          0.1917          0.3464
5.15          0.2099          0.3398
5.15           0.228          0.3324
5.15          0.2461           0.324
5.15          0.2643          0.3147
5.15          0.2824          0.3046
5.15          0.3006          0.2938
5.15          0.3187          0.2824
5.15          0.3369          0.2704
5.15           0.355          0.2579
5.15          0.3731          0.2451
5.15          0.3913           0.232
5.15          0.4094           0.219
5.15          0.4276          0.2058
5.15          0.4457          0.1925
5.15          0.4639          0.1792
5.15           0.482          0.1662
5.15          0.5001          0.1534
5.15          0.5183           0.141
5.15          0.5364          0.1288
5.15          0.5546          0.1171
5.15          0.5727          0.1058
5.15          0.5909         0.09502
5.15           0.609         0.08482
5.15          0.6271         0.07519
5.15          0.6453         0.06617
5.15          0.6634         0.05777
5.15          0.6816            0.05
5.15          0.6997         0.04286
5.15          0.7179         0.03635
5.15           0.736         0.03046
5.15          0.7541         0.02519
5.15          0.7723         0.02051
5.15          0.7904         0.01641
5.15          0.8086         0.01287
5.15          0.8267        0.009827
5.15          0.8449        0.007287
5.15           0.863        0.005204
5.15          0.8811        0.003541
5.15          0.8993        0.002259
5.15          0.9174        0.001317
5.15          0.9356       0.0006698
5.15          0.9537       0.0002713
5.15          0.9719       6.915e-05
5.15            0.99        3.91e-06
8.15       0.0004292           1.272
8.15       0.0005179            1.14
8.15       0.0006251           1.041
8.15       0.0007543          0.9661
8.15       0.0009103          0.9076
8.15        0.001099          0.8595
8.15        0.001326          0.8179
8.15          0.0016          0.7808
8.15        0.001931          0.7466
8.15         0.00233          0.7148
8.15        0.002812          0.6849
8.15        0.003393          0.6566
8.15        0.004095          0.6298
8.15        0.004942          0.6046
8.15        0.005964          0.5808
8.15        0.007197          0.5585
8.15        0.008685          0.5376
8.15         0.01048          0.5183
8.15         0.01265          0.5003
8.15         0.01526          0.4838
8.15         0.01842          0.4685
8.15         0.02223          0.4544
8.15         0.02683          0.4413
8.15         0.03237          0.4292
8.15         0.03907          0.4178
8.15         0.04715          0.4073
8.15          0.0569          0.3976
8.15         0.06866          0.3887
8.15         0.08286          0.3823
8.15             0.1          0.3761
8.15           0.101          0.3757
8.15          0.1191          0.3691
8.15          0.1373           0.363
8.15          0.1554          0.3569
8.15          0.1736          0.3503
8.15          0.1917           0.343
8.15          0.2099          0.3348
8.15           0.228          0.3258
8.15          0.2461           0.316
8.15          0.2643          0.3054
8.15          0.2824          0.2941
8.15          0.3006          0.2822
8.15          0.3187          0.2698
8.15          0.3369           0.257
8.15           0.355          0.2438
8.15          0.3731          0.2305
8.15          0.3913           0.217
8.15          0.4094          0.2035
8.15          0.4276            0.19
8.15          0.4457          0.1767
8.15          0.4639          0.1636
8.15           0.482          0.1508
8.15          0.5001          0.1383
8.15          0.5183          0.1262
8.15          0.5364          0.1146
8.15          0.5546          0.1037
8.15          0.5727         0.09334
8.15          0.5909         0.08331
8.15           0.609         0.07388
8.15          0.6271         0.06506
8.15          0.6453         0.05684
8.15          0.6634         0.04927
8.15          0.6816         0.04233
8.15          0.6997         0.03601
8.15          0.7179          0.0303
8.15           0.736         0.02518
8.15          0.7541         0.02064
8.15          0.7723         0.01666
8.15          0.7904          0.0132
8.15          0.8086         0.01024
8.15          0.8267        0.007734
8.15          0.8449        0.005667
8.15           0.863        0.003994
8.15          0.8811        0.002678
8.15          0.8993         0.00168
8.15          0.9174       0.0009605
8.15          0.9356       0.0004773
8.15          0.9537       0.0001876
8.15          0.9719       4.584e-05
8.15            0.99       2.377e-06
12.90       0.0007543           1.138
12.90       0.0009103           1.064
12.90        0.001099           1.002
12.90        0.001326          0.9492
12.90          0.0016           0.902
12.90        0.001931           0.859
12.90         0.00233           0.819
12.90        0.002812          0.7815
12.90        0.003393          0.7461
12.90        0.004095          0.7126
12.90        0.004942          0.6809
12.90        0.005964          0.6511
12.90        0.007197           0.623
12.90        0.008685          0.5966
12.90         0.01048           0.572
12.90         0.01265          0.5491
12.90         0.01526          0.5278
12.90         0.01842          0.5079
12.90         0.02223          0.4894
12.90         0.02683          0.4722
12.90         0.03237          0.4561
12.90         0.03907           0.441
12.90         0.04715          0.4269
12.90          0.0569          0.4138
12.90         0.06866          0.4018
12.90         0.08286          0.3907
12.90             0.1          0.3803
12.90           0.101          0.3798
12.90          0.1191          0.3714
12.90          0.1373          0.3641
12.90          0.1554          0.3564
12.90          0.1736           0.348
12.90          0.1917          0.3391
12.90          0.2099          0.3295
12.90           0.228          0.3192
12.90          0.2461          0.3081
12.90          0.2643          0.2964
12.90          0.2824          0.2842
12.90          0.3006          0.2715
12.90          0.3187          0.2583
12.90          0.3369          0.2449
12.90           0.355          0.2313
12.90          0.3731          0.2176
12.90          0.3913          0.2039
12.90          0.4094          0.1903
12.90          0.4276          0.1768
12.90          0.4457          0.1636
12.90          0.4639          0.1507
12.90           0.482          0.1382
12.90          0.5001          0.1261
12.90          0.5183          0.1145
12.90          0.5364          0.1034
12.90          0.5546         0.09286
12.90          0.5727          0.0829
12.90          0.5909         0.07356
12.90           0.609         0.06484
12.90          0.6271         0.05675
12.90          0.6453         0.04953
12.90          0.6634         0.04264
12.90          0.6816         0.03639
12.90          0.6997         0.03075
12.90          0.7179         0.02575
12.90           0.736         0.02125
12.90          0.7541         0.01728
12.90          0.7723         0.01383
12.90          0.7904         0.01087
12.90          0.8086        0.008355
12.90          0.8267        0.006248
12.90          0.8449        0.004529
12.90           0.863        0.003154
12.90          0.8811        0.002087
12.90          0.8993         0.00129
12.90          0.9174       0.0007247
12.90          0.9356       0.0003526
12.90          0.9537       0.0001349
12.90          0.9719        3.17e-05
12.90            0.99       1.519e-06
20.50        0.001099           1.111
20.50        0.001326           1.062
20.50          0.0016           1.014
20.50        0.001931          0.9673
20.50         0.00233           0.922
20.50        0.002812          0.8783
20.50        0.003393          0.8363
20.50        0.004095          0.7962
20.50        0.004942           0.758
20.50        0.005964          0.7219
20.50        0.007197          0.6877
20.50        0.008685          0.6556
20.50         0.01048          0.6254
20.50         0.01265          0.5973
20.50         0.01526          0.5709
20.50         0.01842          0.5464
20.50         0.02223          0.5234
20.50         0.02683          0.5019
20.50         0.03237          0.4818
20.50         0.03907          0.4629
20.50         0.04715          0.4453
20.50          0.0569          0.4289
20.50         0.06866          0.4137
20.50         0.08286          0.3997
20.50             0.1          0.3867
20.50           0.101           0.386
20.50          0.1191          0.3747
20.50          0.1373          0.3644
20.50          0.1554          0.3549
20.50          0.1736           0.345
20.50          0.1917          0.3347
20.50          0.2099          0.3242
20.50           0.228          0.3127
20.50          0.2461          0.3006
20.50          0.2643           0.288
20.50          0.2824          0.2749
20.50          0.3006          0.2615
20.50          0.3187          0.2479
20.50          0.3369           0.234
20.50           0.355          0.2201
20.50          0.3731          0.2062
20.50          0.3913          0.1924
20.50          0.4094          0.1788
20.50          0.4276          0.1654
20.50          0.4457          0.1524
20.50          0.4639          0.1397
20.50           0.482          0.1276
20.50          0.5001          0.1159
20.50          0.5183          0.1047
20.50          0.5364         0.09414
20.50          0.5546         0.08411
20.50          0.5727         0.07474
20.50          0.5909         0.06598
20.50           0.609         0.05786
20.50          0.6271         0.05037
20.50          0.6453          0.0435
20.50          0.6634         0.03725
20.50          0.6816          0.0316
20.50          0.6997         0.02653
20.50          0.7179         0.02207
20.50           0.736         0.01809
20.50          0.7541         0.01461
20.50          0.7723         0.01164
20.50          0.7904        0.009118
20.50          0.8086         0.00695
20.50          0.8267        0.005151
20.50          0.8449        0.003696
20.50           0.863        0.002547
20.50          0.8811        0.001665
20.50          0.8993        0.001015
20.50          0.9174       0.0005615
20.50          0.9356        0.000268
20.50          0.9537          0.0001
20.50          0.9719       2.269e-05
20.50            0.99       1.013e-06
51.50        0.002812           0.981
51.50        0.003393          0.9601
51.50        0.004095          0.9283
51.50        0.004942          0.8898
51.50        0.005964          0.8481
51.50        0.007197          0.8058
51.50        0.008685          0.7642
51.50         0.01048          0.7241
51.50         0.01265           0.686
51.50         0.01526            0.65
51.50         0.01842          0.6162
51.50         0.02223          0.5844
51.50         0.02683          0.5546
51.50         0.03237          0.5267
51.50         0.03907          0.5006
51.50         0.04715          0.4762
51.50          0.0569          0.4536
51.50         0.06866          0.4327
51.50         0.08286          0.4134
51.50             0.1          0.3952
51.50           0.101          0.3943
51.50          0.1191          0.3786
51.50          0.1373          0.3648
51.50          0.1554          0.3519
51.50          0.1736          0.3391
51.50          0.1917          0.3263
51.50          0.2099          0.3133
51.50           0.228          0.2999
51.50          0.2461          0.2862
51.50          0.2643          0.2723
51.50          0.2824          0.2581
51.50          0.3006          0.2438
51.50          0.3187          0.2295
51.50          0.3369          0.2151
51.50           0.355           0.201
51.50          0.3731          0.1871
51.50          0.3913          0.1733
51.50          0.4094          0.1599
51.50          0.4276          0.1469
51.50          0.4457          0.1344
51.50          0.4639          0.1223
51.50           0.482          0.1109
51.50          0.5001         0.09993
51.50          0.5183         0.08964
51.50          0.5364         0.07997
51.50          0.5546         0.07088
51.50          0.5727         0.06247
51.50          0.5909          0.0547
51.50           0.609         0.04756
51.50          0.6271         0.04104
51.50          0.6453         0.03513
51.50          0.6634          0.0298
51.50          0.6816         0.02504
51.50          0.6997         0.02082
51.50          0.7179          0.0171
51.50           0.736         0.01386
51.50          0.7541         0.01107
51.50          0.7723        0.008687
51.50          0.7904        0.006683
51.50          0.8086        0.005026
51.50          0.8267        0.003668
51.50          0.8449        0.002589
51.50           0.863        0.001752
51.50          0.8811        0.001135
51.50          0.8993       0.0006766
51.50          0.9174       0.0003642
51.50          0.9356       0.0001683
51.50          0.9537       6.019e-05
51.50          0.9719       1.284e-05
51.50            0.99       5.065e-07
129.20        0.007197          0.8373
129.20        0.008685          0.8182
129.20         0.01048          0.7881
129.20         0.01265          0.7517
129.20         0.01526          0.7127
129.20         0.01842          0.6735
129.20         0.02223          0.6352
129.20         0.02683          0.5986
129.20         0.03237           0.564
129.20         0.03907          0.5314
129.20         0.04715          0.5011
129.20          0.0569          0.4729
129.20         0.06866           0.447
129.20         0.08286           0.423
129.20             0.1          0.4005
129.20           0.101          0.3993
129.20          0.1191            0.38
129.20          0.1373          0.3632
129.20          0.1554          0.3476
129.20          0.1736          0.3327
129.20          0.1917           0.318
129.20          0.2099          0.3033
129.20           0.228          0.2886
129.20          0.2461          0.2737
129.20          0.2643          0.2588
129.20          0.2824          0.2439
129.20          0.3006           0.229
129.20          0.3187          0.2142
129.20          0.3369          0.1997
129.20           0.355          0.1854
129.20          0.3731          0.1715
129.20          0.3913          0.1579
129.20          0.4094          0.1448
129.20          0.4276          0.1322
129.20          0.4457          0.1202
129.20          0.4639          0.1088
129.20           0.482         0.09793
129.20          0.5001         0.08773
129.20          0.5183         0.07819
129.20          0.5364         0.06931
129.20          0.5546           0.061
129.20          0.5727         0.05354
129.20          0.5909         0.04656
129.20           0.609          0.0402
129.20          0.6271         0.03444
129.20          0.6453         0.02927
129.20          0.6634         0.02464
129.20          0.6816         0.02054
129.20          0.6997         0.01694
129.20          0.7179         0.01379
129.20           0.736         0.01108
129.20          0.7541        0.008762
129.20          0.7723        0.006806
129.20          0.7904        0.005179
129.20          0.8086         0.00385
129.20          0.8267        0.002774
129.20          0.8449        0.001932
129.20           0.863        0.001287
129.20          0.8811       0.0008104
129.20          0.8993       0.0004734
129.20          0.9174       0.0002488
129.20          0.9356       0.0001116
129.20          0.9537       3.903e-05
129.20          0.9719       7.901e-06
129.20            0.99       2.802e-07
514.50         0.02683          0.6129
514.50         0.03237          0.5912
514.50         0.03907          0.5625
514.50         0.04715          0.5306
514.50          0.0569          0.4982
514.50         0.06866          0.4668
514.50         0.08286          0.4371
514.50             0.1          0.4088
514.50           0.101          0.4074
514.50          0.1191          0.3832
514.50          0.1373          0.3623
514.50          0.1554          0.3434
514.50          0.1736          0.3256
514.50          0.1917          0.3084
514.50          0.2099          0.2916
514.50           0.228          0.2751
514.50          0.2461          0.2588
514.50          0.2643          0.2427
514.50          0.2824          0.2269
514.50          0.3006          0.2114
514.50          0.3187          0.1963
514.50          0.3369          0.1815
514.50           0.355          0.1673
514.50          0.3731          0.1535
514.50          0.3913          0.1403
514.50          0.4094          0.1277
514.50          0.4276          0.1157
514.50          0.4457          0.1044
514.50          0.4639         0.09373
514.50           0.482         0.08374
514.50          0.5001         0.07443
514.50          0.5183          0.0658
514.50          0.5364         0.05787
514.50          0.5546          0.0505
514.50          0.5727         0.04384
514.50          0.5909         0.03779
514.50           0.609         0.03234
514.50          0.6271         0.02745
514.50          0.6453          0.0231
514.50          0.6634         0.01926
514.50          0.6816         0.01589
514.50          0.6997         0.01296
514.50          0.7179         0.01044
514.50           0.736        0.008288
514.50          0.7541        0.006474
514.50          0.7723        0.004964
514.50          0.7904        0.003726
514.50          0.8086        0.002729
514.50          0.8267        0.001934
514.50          0.8449        0.001323
514.50           0.863       0.0008704
514.50          0.8811       0.0005361
514.50          0.8993       0.0003053
514.50          0.9174       0.0001557
514.50          0.9356       6.735e-05
514.50          0.9537       2.213e-05
514.50          0.9719       4.173e-06
514.50            0.99       1.297e-07
