2.05       0.0001292       1.584e+11       1.499e+11           1.057
2.05       0.0002048       1.152e+11       1.216e+11          0.9472
2.05       0.0003246       8.088e+10       8.521e+10          0.9493
2.05       0.0005145        5.36e+10       5.649e+10          0.9487
2.05       0.0008155       3.398e+10       3.585e+10          0.9477
2.05        0.001292       2.091e+10       2.208e+10          0.9468
2.05        0.002048       1.264e+10       1.336e+10          0.9461
2.05        0.003246       7.569e+09       8.006e+09          0.9454
2.05        0.005145        4.53e+09       4.795e+09          0.9448
2.05        0.008155       2.729e+09       2.891e+09          0.9441
2.05         0.01292       1.665e+09       1.765e+09          0.9437
2.05         0.02048       1.023e+09       1.097e+09          0.9326
2.05         0.03246        6.64e+08       7.059e+08          0.9406
2.05         0.05145       4.191e+08       4.467e+08          0.9382
2.05         0.08155        2.65e+08       2.829e+08          0.9368
2.05          0.1292       1.681e+08       1.768e+08          0.9507
2.05          0.2048       1.051e+08       2.865e+07            3.67
5.15       0.0003246       1.283e+10       1.229e+10           1.044
5.15       0.0005145       9.457e+09       1.004e+10          0.9421
5.15       0.0008155       6.566e+09       6.956e+09           0.944
5.15        0.001292       4.271e+09       4.528e+09          0.9434
5.15        0.002048       2.656e+09       2.818e+09          0.9422
5.15        0.003246       1.605e+09       1.706e+09          0.9411
5.15        0.005145       9.553e+08       1.016e+09            0.94
5.15        0.008155       5.656e+08       6.023e+08           0.939
5.15         0.01292       3.355e+08       3.576e+08          0.9382
5.15         0.02048       2.004e+08       2.138e+08          0.9373
5.15         0.03246       1.205e+08       1.287e+08          0.9363
5.15         0.05145       7.358e+07       7.858e+07          0.9364
5.15         0.08155       4.498e+07       4.818e+07          0.9336
5.15          0.1292       2.755e+07       2.955e+07          0.9324
5.15          0.2048        1.64e+07       1.762e+07          0.9308
5.15          0.3246       8.438e+06       6.819e+06           1.237
5.15          0.5145       2.745e+06       1.027e+04           267.4
8.15       0.0005145       3.494e+09       3.331e+09           1.049
8.15       0.0008155       2.576e+09       2.742e+09          0.9394
8.15        0.001292       1.774e+09       1.884e+09          0.9414
8.15        0.002048       1.142e+09       1.214e+09          0.9407
8.15        0.003246       7.026e+08       7.479e+08          0.9394
8.15        0.005145       4.208e+08       4.485e+08          0.9383
8.15        0.008155       2.486e+08       2.652e+08          0.9373
8.15         0.01292       1.463e+08       1.563e+08          0.9364
8.15         0.02048       8.632e+07       9.227e+07          0.9355
8.15         0.03246       5.113e+07       5.471e+07          0.9345
8.15         0.05145       3.042e+07       3.259e+07          0.9334
8.15         0.08155        1.83e+07       1.964e+07          0.9316
8.15          0.1292       1.105e+07       1.187e+07          0.9312
8.15          0.2048       6.436e+06       6.926e+06          0.9293
8.15          0.3246       3.202e+06       3.486e+06          0.9185
8.15          0.5145       9.793e+05       4.708e+05            2.08
12.92       0.0008155       9.256e+08       8.932e+08           1.036
12.92        0.001292       6.792e+08       7.247e+08          0.9372
12.92        0.002048       4.631e+08       4.933e+08          0.9387
12.92        0.003246        2.95e+08       3.145e+08           0.938
12.92        0.005145       1.798e+08       1.919e+08          0.9369
12.92        0.008155       1.068e+08       1.142e+08          0.9358
12.92         0.01292       6.272e+07        6.71e+07          0.9347
12.92         0.02048       3.669e+07       3.929e+07          0.9338
12.92         0.03246       2.147e+07       2.302e+07          0.9329
12.92         0.05145        1.26e+07       1.352e+07          0.9317
12.92         0.08155       7.432e+06       7.987e+06          0.9305
12.92          0.1292       4.412e+06       4.742e+06          0.9304
12.92          0.2048       2.522e+06       2.717e+06           0.928
12.92          0.3246       1.218e+06       1.329e+06          0.9164
12.92          0.5145       3.537e+05        3.62e+05          0.9772
12.92          0.8155       1.434e+04           19.94           719.1
20.48        0.001292       2.384e+08       1.112e+08           2.144
20.48        0.002048       1.734e+08       1.857e+08           0.934
20.48        0.003246        1.17e+08        1.25e+08           0.936
20.48        0.005145       7.383e+07       7.892e+07          0.9355
20.48        0.008155       4.462e+07       4.775e+07          0.9344
20.48         0.01292       2.634e+07       2.821e+07          0.9334
20.48         0.02048       1.536e+07       1.648e+07          0.9325
20.48         0.03246        8.92e+06       9.575e+06          0.9315
20.48         0.05145       5.175e+06       5.562e+06          0.9304
20.48         0.08155       3.014e+06       3.242e+06          0.9297
20.48          0.1292       1.758e+06       1.893e+06           0.929
20.48          0.2048       9.872e+05       1.064e+06          0.9275
20.48          0.3246       4.641e+05       5.074e+05          0.9145
20.48          0.5145       1.289e+05       1.512e+05          0.8524
20.48          0.8155            4737            5099          0.9289
51.45        0.003246       1.454e+07        1.42e+07           1.024
51.45        0.005145       1.034e+07       1.112e+07            0.93
51.45        0.008155        6.84e+06       7.344e+06          0.9314
51.45         0.01292       4.245e+06        4.56e+06           0.931
51.45         0.02048        2.53e+06        2.72e+06            0.93
51.45         0.03246       1.473e+06       1.585e+06           0.929
51.45         0.05145       8.465e+05       9.122e+05           0.928
51.45         0.08155       4.851e+05       5.231e+05          0.9274
51.45          0.1292       2.768e+05       2.985e+05          0.9271
51.45          0.2048       1.504e+05       1.626e+05          0.9247
51.45          0.3246       6.761e+04       7.424e+04          0.9106
51.45          0.5145       1.746e+04       2.072e+04          0.8426
51.45          0.8155           538.8            1400          0.3849
129.25        0.008155       8.066e+05       7.879e+05           1.024
129.25         0.01292       5.582e+05        6.03e+05          0.9257
129.25         0.02048       3.626e+05       3.909e+05          0.9276
129.25         0.03246       2.216e+05        2.39e+05          0.9271
129.25         0.05145       1.303e+05       1.406e+05          0.9263
129.25         0.08155       7.503e+04       8.106e+04          0.9257
129.25          0.1292        4.25e+04       4.593e+04          0.9255
129.25          0.2048       2.267e+04       2.457e+04          0.9229
129.25          0.3246            9863       1.087e+04          0.9077
129.25          0.5145            2398            2878          0.8333
129.25          0.8155           64.77           183.6          0.3528
514.53         0.03246            9271            9063           1.023
514.53         0.05145            6129            6653          0.9213
514.53         0.08155            3882            4202          0.9238
514.53          0.1292            2316            2506          0.9241
514.53          0.2048            1254            1361          0.9212
514.53          0.3246           535.7           592.2          0.9046
514.53          0.5145           122.8           149.1          0.8237
514.53          0.8155           2.812           8.619          0.3262
