2.05       0.0001292       1.917e+11       1.841e+11           1.041
2.05       0.0002048       1.303e+11       1.395e+11          0.9339
2.05       0.0003246       8.705e+10       9.276e+10          0.9385
2.05       0.0005145       5.558e+10       5.911e+10          0.9403
2.05       0.0008155       3.424e+10       3.638e+10          0.9411
2.05        0.001292       2.066e+10       2.193e+10          0.9421
2.05        0.002048       1.235e+10       1.309e+10          0.9429
2.05        0.003246       7.364e+09       7.804e+09          0.9436
2.05        0.005145       4.417e+09       4.678e+09          0.9443
2.05        0.008155       2.675e+09       2.832e+09          0.9444
2.05         0.01292       1.643e+09        1.74e+09          0.9443
2.05         0.02048       1.027e+09       1.088e+09          0.9436
2.05         0.03246       6.528e+08       6.927e+08          0.9424
2.05         0.05145        4.21e+08       4.475e+08          0.9408
2.05         0.08155       2.741e+08       2.919e+08          0.9389
2.05          0.1292       1.777e+08       1.867e+08          0.9517
2.05          0.2048       1.098e+08       3.014e+07           3.642
5.15       0.0003246        1.42e+10        1.35e+10           1.052
5.15       0.0005145       9.705e+09       1.033e+10          0.9395
5.15       0.0008155       6.523e+09        6.92e+09          0.9427
5.15        0.001292       4.182e+09       4.435e+09           0.943
5.15        0.002048       2.586e+09       2.744e+09          0.9422
5.15        0.003246       1.563e+09        1.66e+09          0.9415
5.15        0.005145       9.348e+08       9.938e+08          0.9406
5.15        0.008155       5.569e+08       5.927e+08          0.9397
5.15         0.01292       3.327e+08       3.544e+08          0.9388
5.15         0.02048       2.002e+08       2.135e+08          0.9377
5.15         0.03246       1.217e+08       1.299e+08          0.9366
5.15         0.05145       7.471e+07       7.988e+07          0.9352
5.15         0.08155       4.624e+07        4.95e+07           0.934
5.15          0.1292       2.853e+07        3.06e+07          0.9325
5.15          0.2048       1.683e+07        1.81e+07            0.93
5.15          0.3246       8.357e+06       6.816e+06           1.226
5.15          0.5145       2.545e+06            9910           256.9
8.15       0.0005145       3.867e+09       3.635e+09           1.064
8.15       0.0008155       2.627e+09       2.802e+09          0.9375
8.15        0.001292       1.756e+09       1.867e+09          0.9407
8.15        0.002048       1.118e+09       1.189e+09          0.9405
8.15        0.003246       6.866e+08       7.307e+08          0.9396
8.15        0.005145       4.123e+08       4.393e+08          0.9385
8.15        0.008155       2.447e+08        2.61e+08          0.9376
8.15         0.01292       1.447e+08       1.546e+08          0.9364
8.15         0.02048       8.587e+07        9.18e+07          0.9354
8.15         0.03246        5.13e+07        5.49e+07          0.9343
8.15         0.05145       3.091e+07       3.312e+07          0.9333
8.15         0.08155       1.876e+07       2.013e+07          0.9323
8.15          0.1292       1.136e+07        1.22e+07          0.9311
8.15          0.2048       6.569e+06       7.074e+06          0.9287
8.15          0.3246       3.193e+06       3.481e+06          0.9173
8.15          0.5145       9.348e+05       4.569e+05           2.046
12.92       0.0008155       1.024e+09       9.796e+08           1.045
12.92        0.001292       6.902e+08       7.379e+08          0.9354
12.92        0.002048       4.574e+08       4.877e+08          0.9379
12.92        0.003246       2.888e+08        3.08e+08          0.9376
12.92        0.005145       1.758e+08       1.877e+08          0.9366
12.92        0.008155       1.047e+08       1.119e+08          0.9355
12.92         0.01292       6.164e+07       6.596e+07          0.9345
12.92         0.02048       3.621e+07        3.88e+07          0.9334
12.92         0.03246       2.135e+07       2.289e+07          0.9325
12.92         0.05145       1.267e+07        1.36e+07          0.9316
12.92         0.08155       7.569e+06       8.132e+06          0.9308
12.92          0.1292       4.506e+06       4.846e+06          0.9298
12.92          0.2048       2.561e+06       2.761e+06          0.9274
12.92          0.3246       1.219e+06       1.332e+06          0.9157
12.92          0.5145       3.443e+05       3.544e+05          0.9715
12.92          0.8155       1.668e+04           18.98           878.9
20.48        0.001292       2.626e+08       1.656e+08           1.585
20.48        0.002048       1.753e+08       1.883e+08           0.931
20.48        0.003246       1.151e+08       1.232e+08          0.9344
20.48        0.005145       7.203e+07       7.711e+07          0.9341
20.48        0.008155       4.346e+07       4.658e+07          0.9331
20.48         0.01292       2.567e+07       2.754e+07          0.9322
20.48         0.02048       1.502e+07       1.613e+07          0.9314
20.48         0.03246       8.777e+06       9.432e+06          0.9306
20.48         0.05145        5.15e+06       5.537e+06            0.93
20.48         0.08155       3.037e+06       3.268e+06          0.9293
20.48          0.1292       1.783e+06        1.92e+06          0.9287
20.48          0.2048       9.972e+05       1.077e+06          0.9263
20.48          0.3246       4.658e+05       5.095e+05          0.9141
20.48          0.5145       1.273e+05       1.497e+05          0.8505
20.48          0.8155            5146            5045            1.02
51.45        0.003246       1.597e+07        1.54e+07           1.037
51.45        0.005145       1.045e+07       1.126e+07          0.9277
51.45        0.008155       6.726e+06       7.227e+06          0.9306
51.45         0.01292       4.132e+06       4.443e+06          0.9302
51.45         0.02048       2.456e+06       2.642e+06          0.9294
51.45         0.03246       1.433e+06       1.543e+06          0.9286
51.45         0.05145       8.313e+05       8.959e+05           0.928
51.45         0.08155       4.817e+05       5.194e+05          0.9275
51.45          0.1292       2.768e+05       2.986e+05           0.927
51.45          0.2048       1.508e+05       1.631e+05          0.9244
51.45          0.3246       6.803e+04       7.465e+04          0.9112
51.45          0.5145       1.756e+04       2.084e+04          0.8428
51.45          0.8155           548.2            1406          0.3898
129.25        0.008155       8.599e+05       8.342e+05           1.031
129.25         0.01292       5.532e+05        5.99e+05          0.9235
129.25         0.02048       3.513e+05       3.792e+05          0.9263
129.25         0.03246       2.139e+05       2.309e+05          0.9264
129.25         0.05145       1.265e+05       1.366e+05          0.9262
129.25         0.08155       7.365e+04       7.955e+04          0.9259
129.25          0.1292       4.206e+04       4.544e+04          0.9255
129.25          0.2048       2.256e+04       2.445e+04          0.9228
129.25          0.3246            9915       1.091e+04          0.9087
129.25          0.5145            2444            2924          0.8361
129.25          0.8155           64.73           186.2          0.3476
514.53         0.03246            9309            9074           1.026
514.53         0.05145            5950            6467          0.9202
514.53         0.08155            3769            4081          0.9237
514.53          0.1292            2265            2450          0.9242
514.53          0.2048            1237            1342          0.9215
514.53          0.3246           537.7           593.4          0.9062
514.53          0.5145           126.8             153          0.8285
514.53          0.8155           2.878           8.977          0.3206
