2.05       0.0001151          0.6255
2.05       0.0001389          0.6164
2.05       0.0001677          0.6021
2.05       0.0002024          0.5844
2.05       0.0002442          0.5651
2.05       0.0002947          0.5453
2.05       0.0003556          0.5259
2.05       0.0004292          0.5071
2.05       0.0005179          0.4892
2.05       0.0006251          0.4723
2.05       0.0007543          0.4565
2.05       0.0009103          0.4417
2.05        0.001099          0.4279
2.05        0.001326          0.4151
2.05          0.0016          0.4033
2.05        0.001931          0.3923
2.05         0.00233          0.3821
2.05        0.002812          0.3727
2.05        0.003393           0.364
2.05        0.004095          0.3559
2.05        0.004942          0.3486
2.05        0.005964           0.342
2.05        0.007197          0.3361
2.05        0.008685           0.331
2.05         0.01048          0.3269
2.05         0.01265          0.3238
2.05         0.01526          0.3218
2.05         0.01842          0.3211
2.05         0.02223          0.3218
2.05         0.02683          0.3238
2.05         0.03237          0.3273
2.05         0.03907           0.332
2.05         0.04715          0.3378
2.05          0.0569           0.344
2.05         0.06866          0.3512
2.05         0.08286          0.3558
2.05             0.1          0.3614
2.05           0.101          0.3616
2.05          0.1191          0.3636
2.05          0.1373          0.3638
2.05          0.1554          0.3627
2.05          0.1736          0.3604
2.05          0.1917          0.3571
2.05          0.2099          0.3527
2.05           0.228          0.3472
2.05          0.2461          0.3405
2.05          0.2643          0.3326
2.05          0.2824          0.3238
2.05          0.3006          0.3139
2.05          0.3187          0.3032
2.05          0.3369          0.2918
2.05           0.355          0.2797
2.05          0.3731          0.2673
2.05          0.3913          0.2545
2.05          0.4094          0.2415
2.05          0.4276          0.2284
2.05          0.4457          0.2154
2.05          0.4639          0.2025
2.05           0.482          0.1898
2.05          0.5001          0.1775
2.05          0.5183          0.1656
2.05          0.5364          0.1541
2.05          0.5546          0.1431
2.05          0.5727          0.1326
2.05          0.5909          0.1227
2.05           0.609          0.1133
2.05          0.6271          0.1044
2.05          0.6453         0.09613
2.05          0.6634         0.08834
2.05          0.6816         0.08103
2.05          0.6997         0.07429
2.05          0.7179         0.06804
2.05           0.736         0.06206
2.05          0.7541         0.05661
2.05          0.7723         0.05171
2.05          0.7904         0.04712
2.05          0.8086         0.04284
2.05          0.8267          0.0389
2.05          0.8449         0.03528
2.05           0.863         0.03196
2.05          0.8811         0.02891
2.05          0.8993         0.02613
2.05          0.9174         0.02358
2.05          0.9356         0.02126
2.05          0.9537         0.01914
2.05          0.9719          0.0172
2.05            0.99         0.01545
5.15       0.0002947           0.714
5.15       0.0003556          0.7238
5.15       0.0004292          0.7202
5.15       0.0005179          0.7076
5.15       0.0006251          0.6896
5.15       0.0007543           0.669
5.15       0.0009103          0.6472
5.15        0.001099          0.6253
5.15        0.001326          0.6037
5.15          0.0016          0.5828
5.15        0.001931          0.5626
5.15         0.00233          0.5434
5.15        0.002812           0.525
5.15        0.003393          0.5075
5.15        0.004095           0.491
5.15        0.004942          0.4753
5.15        0.005964          0.4606
5.15        0.007197          0.4469
5.15        0.008685          0.4341
5.15         0.01048          0.4225
5.15         0.01265           0.412
5.15         0.01526          0.4028
5.15         0.01842          0.3949
5.15         0.02223          0.3885
5.15         0.02683          0.3835
5.15         0.03237          0.3799
5.15         0.03907          0.3777
5.15         0.04715          0.3767
5.15          0.0569           0.374
5.15         0.06866          0.3813
5.15         0.08286          0.3689
5.15             0.1          0.3795
5.15           0.101          0.3794
5.15          0.1191          0.3761
5.15          0.1373          0.3719
5.15          0.1554           0.367
5.15          0.1736          0.3614
5.15          0.1917           0.355
5.15          0.2099          0.3477
5.15           0.228          0.3396
5.15          0.2461          0.3305
5.15          0.2643          0.3205
5.15          0.2824          0.3097
5.15          0.3006          0.2981
5.15          0.3187          0.2859
5.15          0.3369           0.273
5.15           0.355          0.2598
5.15          0.3731          0.2462
5.15          0.3913          0.2324
5.15          0.4094          0.2185
5.15          0.4276          0.2046
5.15          0.4457          0.1909
5.15          0.4639          0.1774
5.15           0.482          0.1643
5.15          0.5001          0.1515
5.15          0.5183          0.1393
5.15          0.5364          0.1275
5.15          0.5546          0.1164
5.15          0.5727          0.1058
5.15          0.5909         0.09584
5.15           0.609         0.08643
5.15          0.6271         0.07772
5.15          0.6453          0.0703
5.15          0.6634         0.06126
5.15          0.6816         0.05526
5.15          0.6997         0.04967
5.15          0.7179         0.04372
5.15           0.736         0.03829
5.15          0.7541         0.03337
5.15          0.7723         0.02893
5.15          0.7904         0.02494
5.15          0.8086         0.02137
5.15          0.8267          0.0182
5.15          0.8449         0.01539
5.15           0.863         0.01291
5.15          0.8811         0.01075
5.15          0.8993        0.008862
5.15          0.9174        0.007234
5.15          0.9356        0.005839
5.15          0.9537        0.004651
5.15          0.9719        0.003654
5.15            0.99        0.002819
8.15       0.0004292          0.7568
8.15       0.0005179          0.7795
8.15       0.0006251          0.7838
8.15       0.0007543          0.7746
8.15       0.0009103          0.7569
8.15        0.001099          0.7348
8.15        0.001326          0.7104
8.15          0.0016          0.6853
8.15        0.001931          0.6602
8.15         0.00233          0.6357
8.15        0.002812          0.6119
8.15        0.003393          0.5891
8.15        0.004095          0.5672
8.15        0.004942          0.5464
8.15        0.005964          0.5267
8.15        0.007197           0.508
8.15        0.008685          0.4905
8.15         0.01048          0.4742
8.15         0.01265          0.4591
8.15         0.01526          0.4455
8.15         0.01842          0.4333
8.15         0.02223          0.4226
8.15         0.02683          0.4135
8.15         0.03237          0.4059
8.15         0.03907          0.3997
8.15         0.04715          0.3951
8.15          0.0569          0.3884
8.15         0.06866          0.3935
8.15         0.08286           0.376
8.15             0.1          0.3856
8.15           0.101          0.3854
8.15          0.1191          0.3795
8.15          0.1373          0.3732
8.15          0.1554          0.3665
8.15          0.1736          0.3593
8.15          0.1917          0.3515
8.15          0.2099          0.3429
8.15           0.228          0.3335
8.15          0.2461          0.3233
8.15          0.2643          0.3124
8.15          0.2824          0.3007
8.15          0.3006          0.2883
8.15          0.3187          0.2754
8.15          0.3369          0.2621
8.15           0.355          0.2484
8.15          0.3731          0.2344
8.15          0.3913          0.2204
8.15          0.4094          0.2063
8.15          0.4276          0.1923
8.15          0.4457          0.1786
8.15          0.4639          0.1652
8.15           0.482          0.1521
8.15          0.5001          0.1395
8.15          0.5183          0.1274
8.15          0.5364          0.1159
8.15          0.5546           0.105
8.15          0.5727         0.09468
8.15          0.5909           0.085
8.15           0.609         0.07575
8.15          0.6271         0.06844
8.15          0.6453         0.05879
8.15          0.6634         0.05269
8.15          0.6816         0.04713
8.15          0.6997         0.04103
8.15          0.7179         0.03548
8.15           0.736         0.03048
8.15          0.7541         0.02599
8.15          0.7723         0.02199
8.15          0.7904         0.01845
8.15          0.8086         0.01534
8.15          0.8267         0.01262
8.15          0.8449         0.01026
8.15           0.863        0.008239
8.15          0.8811        0.006517
8.15          0.8993         0.00507
8.15          0.9174        0.003867
8.15          0.9356        0.002882
8.15          0.9537         0.00209
8.15          0.9719        0.001464
8.15            0.99        0.000984
12.90       0.0007543          0.8198
12.90       0.0009103          0.8324
12.90        0.001099          0.8271
12.90        0.001326          0.8101
12.90          0.0016          0.7865
12.90        0.001931          0.7595
12.90         0.00233          0.7311
12.90        0.002812          0.7025
12.90        0.003393          0.6743
12.90        0.004095          0.6469
12.90        0.004942          0.6205
12.90        0.005964          0.5953
12.90        0.007197          0.5712
12.90        0.008685          0.5485
12.90         0.01048          0.5271
12.90         0.01265          0.5071
12.90         0.01526          0.4887
12.90         0.01842          0.4718
12.90         0.02223          0.4567
12.90         0.02683          0.4432
12.90         0.03237          0.4315
12.90         0.03907          0.4213
12.90         0.04715          0.4129
12.90          0.0569          0.4025
12.90         0.06866          0.4043
12.90         0.08286          0.3836
12.90             0.1          0.3903
12.90           0.101          0.3899
12.90          0.1191          0.3816
12.90          0.1373          0.3734
12.90          0.1554           0.365
12.90          0.1736          0.3562
12.90          0.1917           0.347
12.90          0.2099          0.3372
12.90           0.228          0.3267
12.90          0.2461          0.3155
12.90          0.2643          0.3037
12.90          0.2824          0.2913
12.90          0.3006          0.2783
12.90          0.3187          0.2649
12.90          0.3369          0.2511
12.90           0.355          0.2371
12.90          0.3731          0.2229
12.90          0.3913          0.2087
12.90          0.4094          0.1946
12.90          0.4276          0.1807
12.90          0.4457          0.1671
12.90          0.4639          0.1538
12.90           0.482          0.1409
12.90          0.5001          0.1286
12.90          0.5183          0.1169
12.90          0.5364          0.1057
12.90          0.5546         0.09514
12.90          0.5727         0.08526
12.90          0.5909         0.07586
12.90           0.609         0.06768
12.90          0.6271         0.05949
12.90          0.6453         0.05136
12.90          0.6634         0.04627
12.90          0.6816         0.04014
12.90          0.6997         0.03446
12.90          0.7179         0.02936
12.90           0.736          0.0248
12.90          0.7541         0.02075
12.90          0.7723         0.01719
12.90          0.7904         0.01408
12.90          0.8086         0.01139
12.90          0.8267        0.009076
12.90          0.8449        0.007117
12.90           0.863        0.005474
12.90          0.8811        0.004117
12.90          0.8993        0.003016
12.90          0.9174        0.002138
12.90          0.9356        0.001456
12.90          0.9537        0.000943
12.90          0.9719       0.0005697
12.90            0.99       0.0003126
20.50        0.001099          0.8387
20.50        0.001326          0.8597
20.50          0.0016          0.8592
20.50        0.001931          0.8436
20.50         0.00233           0.819
20.50        0.002812          0.7897
20.50        0.003393          0.7584
20.50        0.004095          0.7265
20.50        0.004942           0.695
20.50        0.005964          0.6643
20.50        0.007197          0.6347
20.50        0.008685          0.6065
20.50         0.01048          0.5798
20.50         0.01265          0.5547
20.50         0.01526          0.5312
20.50         0.01842          0.5096
20.50         0.02223          0.4898
20.50         0.02683           0.472
20.50         0.03237           0.456
20.50         0.03907          0.4419
20.50         0.04715          0.4297
20.50          0.0569           0.416
20.50         0.06866           0.414
20.50         0.08286          0.3908
20.50             0.1          0.3941
20.50           0.101          0.3936
20.50          0.1191           0.383
20.50          0.1373          0.3728
20.50          0.1554          0.3628
20.50          0.1736          0.3527
20.50          0.1917          0.3422
20.50          0.2099          0.3312
20.50           0.228          0.3198
20.50          0.2461          0.3077
20.50          0.2643          0.2951
20.50          0.2824           0.282
20.50          0.3006          0.2685
20.50          0.3187          0.2547
20.50          0.3369          0.2406
20.50           0.355          0.2263
20.50          0.3731          0.2121
20.50          0.3913          0.1979
20.50          0.4094          0.1838
20.50          0.4276            0.17
20.50          0.4457          0.1566
20.50          0.4639          0.1435
20.50           0.482           0.131
20.50          0.5001           0.119
20.50          0.5183          0.1076
20.50          0.5364         0.09685
20.50          0.5546         0.08672
20.50          0.5727         0.07727
20.50          0.5909         0.06823
20.50           0.609         0.06099
20.50          0.6271         0.05242
20.50          0.6453         0.04591
20.50          0.6634         0.04046
20.50          0.6816         0.03463
20.50          0.6997         0.02941
20.50          0.7179         0.02476
20.50           0.736         0.02063
20.50          0.7541           0.017
20.50          0.7723         0.01384
20.50          0.7904         0.01111
20.50          0.8086        0.008774
20.50          0.8267        0.006808
20.50          0.8449        0.005169
20.50           0.863        0.003828
20.50          0.8811        0.002752
20.50          0.8993        0.001905
20.50          0.9174        0.001257
20.50          0.9356       0.0007814
20.50          0.9537        0.000447
20.50          0.9719       0.0002264
20.50            0.99       9.526e-05
51.50        0.002812          0.8427
51.50        0.003393          0.8505
51.50        0.004095          0.8389
51.50        0.004942          0.8143
51.50        0.005964          0.7825
51.50        0.007197          0.7474
51.50        0.008685          0.7114
51.50         0.01048          0.6757
51.50         0.01265          0.6412
51.50         0.01526          0.6084
51.50         0.01842          0.5776
51.50         0.02223           0.549
51.50         0.02683          0.5228
51.50         0.03237          0.4989
51.50         0.03907          0.4774
51.50         0.04715          0.4583
51.50          0.0569          0.4377
51.50         0.06866          0.4316
51.50         0.08286          0.4003
51.50             0.1          0.4015
51.50           0.101          0.4007
51.50          0.1191           0.386
51.50          0.1373          0.3725
51.50          0.1554          0.3596
51.50          0.1736           0.347
51.50          0.1917          0.3343
51.50          0.2099          0.3214
51.50           0.228          0.3082
51.50          0.2461          0.2947
51.50          0.2643          0.2808
51.50          0.2824          0.2667
51.50          0.3006          0.2523
51.50          0.3187          0.2378
51.50          0.3369          0.2233
51.50           0.355          0.2088
51.50          0.3731          0.1944
51.50          0.3913          0.1802
51.50          0.4094          0.1664
51.50          0.4276          0.1529
51.50          0.4457          0.1399
51.50          0.4639          0.1274
51.50           0.482          0.1155
51.50          0.5001          0.1041
51.50          0.5183         0.09348
51.50          0.5364         0.08346
51.50          0.5546         0.07412
51.50          0.5727         0.06546
51.50          0.5909         0.05726
51.50           0.609         0.05068
51.50          0.6271          0.0424
51.50          0.6453         0.03789
51.50          0.6634         0.03259
51.50          0.6816         0.02751
51.50          0.6997           0.023
51.50          0.7179         0.01902
51.50           0.736         0.01554
51.50          0.7541         0.01253
51.50          0.7723         0.00995
51.50          0.7904        0.007763
51.50          0.8086        0.005934
51.50          0.8267        0.004429
51.50          0.8449        0.003213
51.50           0.863        0.002251
51.50          0.8811         0.00151
51.50          0.8993       0.0009586
51.50          0.9174       0.0005649
51.50          0.9356       0.0003004
51.50          0.9537       0.0001364
51.50          0.9719       4.793e-05
51.50            0.99       9.911e-06
129.20        0.007197           0.768
129.20        0.008685          0.7586
129.20         0.01048          0.7352
129.20         0.01265          0.7038
129.20         0.01526          0.6687
129.20         0.01842          0.6329
129.20         0.02223          0.5981
129.20         0.02683          0.5651
129.20         0.03237          0.5346
129.20         0.03907          0.5067
129.20         0.04715          0.4817
129.20          0.0569          0.4554
129.20         0.06866          0.4445
129.20         0.08286           0.408
129.20             0.1          0.4056
129.20           0.101          0.4046
129.20          0.1191          0.3863
129.20          0.1373            0.37
129.20          0.1554          0.3547
129.20          0.1736          0.3401
129.20          0.1917          0.3256
129.20          0.2099          0.3112
129.20           0.228          0.2966
129.20          0.2461           0.282
129.20          0.2643          0.2672
129.20          0.2824          0.2523
129.20          0.3006          0.2374
129.20          0.3187          0.2225
129.20          0.3369          0.2078
129.20           0.355          0.1932
129.20          0.3731          0.1789
129.20          0.3913           0.165
129.20          0.4094          0.1514
129.20          0.4276          0.1384
129.20          0.4457          0.1259
129.20          0.4639           0.114
129.20           0.482          0.1028
129.20          0.5001         0.09216
129.20          0.5183         0.08222
129.20          0.5364         0.07296
129.20          0.5546         0.06438
129.20          0.5727         0.05647
129.20          0.5909         0.04921
129.20           0.609         0.04302
129.20          0.6271         0.03573
129.20          0.6453         0.03185
129.20          0.6634         0.02706
129.20          0.6816         0.02263
129.20          0.6997         0.01872
129.20          0.7179         0.01531
129.20           0.736         0.01235
129.20          0.7541        0.009823
129.20          0.7723        0.007678
129.20          0.7904        0.005886
129.20          0.8086        0.004409
129.20          0.8267        0.003215
129.20          0.8449        0.002268
129.20           0.863        0.001537
129.20          0.8811       0.0009894
129.20          0.8993       0.0005957
129.20          0.9174       0.0003265
129.20          0.9356       0.0001569
129.20          0.9537       6.106e-05
129.20          0.9719       1.612e-05
129.20            0.99       1.466e-06
514.50         0.02683          0.5804
514.50         0.03237          0.5616
514.50         0.03907          0.5368
514.50         0.04715          0.5098
514.50          0.0569          0.4796
514.50         0.06866          0.4616
514.50         0.08286          0.4219
514.50             0.1          0.4113
514.50           0.101            0.41
514.50          0.1191          0.3871
514.50          0.1373           0.367
514.50          0.1554          0.3486
514.50          0.1736          0.3312
514.50          0.1917          0.3144
514.50          0.2099           0.298
514.50           0.228          0.2818
514.50          0.2461          0.2658
514.50          0.2643          0.2499
514.50          0.2824          0.2342
514.50          0.3006          0.2188
514.50          0.3187          0.2035
514.50          0.3369          0.1887
514.50           0.355          0.1742
514.50          0.3731          0.1601
514.50          0.3913          0.1466
514.50          0.4094          0.1337
514.50          0.4276          0.1213
514.50          0.4457          0.1096
514.50          0.4639         0.09852
514.50           0.482         0.08815
514.50          0.5001         0.07848
514.50          0.5183          0.0695
514.50          0.5364         0.06121
514.50          0.5546         0.05359
514.50          0.5727         0.04664
514.50          0.5909         0.04035
514.50           0.609         0.03484
514.50          0.6271         0.02891
514.50          0.6453         0.02535
514.50          0.6634         0.02129
514.50          0.6816         0.01762
514.50          0.6997         0.01442
514.50          0.7179         0.01166
514.50           0.736        0.009294
514.50          0.7541        0.007291
514.50          0.7723        0.005616
514.50          0.7904        0.004235
514.50          0.8086        0.003116
514.50          0.8267        0.002225
514.50          0.8449        0.001533
514.50           0.863         0.00101
514.50          0.8811       0.0006283
514.50          0.8993       0.0003624
514.50          0.9174       0.0001882
514.50          0.9356       8.378e-05
514.50          0.9537       2.853e-05
514.50          0.9719       5.988e-06
514.50            0.99       4.584e-07
