2.05       0.0001151          0.7888
2.05       0.0001389          0.7548
2.05       0.0001677          0.7229
2.05       0.0002024          0.6924
2.05       0.0002442          0.6632
2.05       0.0002947          0.6355
2.05       0.0003556          0.6093
2.05       0.0004292          0.5847
2.05       0.0005179          0.5615
2.05       0.0006251          0.5395
2.05       0.0007543          0.5186
2.05       0.0009103           0.499
2.05        0.001099          0.4807
2.05        0.001326          0.4637
2.05          0.0016          0.4478
2.05        0.001931           0.433
2.05         0.00233          0.4191
2.05        0.002812          0.4065
2.05        0.003393           0.395
2.05        0.004095          0.3846
2.05        0.004942          0.3754
2.05        0.005964          0.3672
2.05        0.007197            0.36
2.05        0.008685          0.3539
2.05         0.01048           0.349
2.05         0.01265          0.3452
2.05         0.01526          0.3425
2.05         0.01842           0.341
2.05         0.02223          0.3404
2.05         0.02683          0.3409
2.05         0.03237          0.3424
2.05         0.03907          0.3447
2.05         0.04715          0.3479
2.05          0.0569          0.3517
2.05         0.06866           0.356
2.05         0.08286          0.3607
2.05             0.1          0.3652
2.05           0.101          0.3654
2.05          0.1191          0.3688
2.05          0.1373          0.3707
2.05          0.1554          0.3708
2.05          0.1736          0.3692
2.05          0.1917          0.3658
2.05          0.2099          0.3607
2.05           0.228           0.354
2.05          0.2461          0.3458
2.05          0.2643          0.3363
2.05          0.2824          0.3256
2.05          0.3006          0.3139
2.05          0.3187          0.3013
2.05          0.3369          0.2882
2.05           0.355          0.2746
2.05          0.3731          0.2607
2.05          0.3913          0.2466
2.05          0.4094          0.2326
2.05          0.4276          0.2187
2.05          0.4457           0.205
2.05          0.4639          0.1916
2.05           0.482          0.1786
2.05          0.5001          0.1661
2.05          0.5183          0.1541
2.05          0.5364          0.1426
2.05          0.5546          0.1317
2.05          0.5727          0.1214
2.05          0.5909          0.1116
2.05           0.609          0.1025
2.05          0.6271         0.09391
2.05          0.6453         0.08591
2.05          0.6634         0.07846
2.05          0.6816         0.07154
2.05          0.6997         0.06513
2.05          0.7179          0.0592
2.05           0.736         0.05377
2.05          0.7541         0.04876
2.05          0.7723         0.04404
2.05          0.7904         0.03982
2.05          0.8086         0.03597
2.05          0.8267         0.03242
2.05          0.8449         0.02919
2.05           0.863         0.02624
2.05          0.8811         0.02356
2.05          0.8993         0.02112
2.05          0.9174         0.01891
2.05          0.9356         0.01691
2.05          0.9537          0.0151
2.05          0.9719         0.01346
2.05            0.99         0.01198
5.15       0.0002947          0.9209
5.15       0.0003556          0.8836
5.15       0.0004292          0.8481
5.15       0.0005179          0.8143
5.15       0.0006251          0.7819
5.15       0.0007543          0.7509
5.15       0.0009103          0.7215
5.15        0.001099          0.6936
5.15        0.001326          0.6672
5.15          0.0016          0.6421
5.15        0.001931          0.6182
5.15         0.00233          0.5955
5.15        0.002812          0.5742
5.15        0.003393          0.5541
5.15        0.004095          0.5353
5.15        0.004942          0.5177
5.15        0.005964          0.5013
5.15        0.007197           0.486
5.15        0.008685          0.4719
5.15         0.01048          0.4589
5.15         0.01265          0.4471
5.15         0.01526          0.4365
5.15         0.01842           0.427
5.15         0.02223          0.4185
5.15         0.02683          0.4111
5.15         0.03237          0.4047
5.15         0.03907          0.3992
5.15         0.04715          0.3945
5.15          0.0569          0.3905
5.15         0.06866          0.3871
5.15         0.08286          0.3841
5.15             0.1          0.3809
5.15           0.101          0.3808
5.15          0.1191          0.3775
5.15          0.1373          0.3736
5.15          0.1554          0.3689
5.15          0.1736          0.3632
5.15          0.1917          0.3564
5.15          0.2099          0.3484
5.15           0.228          0.3393
5.15          0.2461          0.3292
5.15          0.2643          0.3181
5.15          0.2824          0.3062
5.15          0.3006          0.2935
5.15          0.3187          0.2803
5.15          0.3369          0.2666
5.15           0.355          0.2526
5.15          0.3731          0.2383
5.15          0.3913          0.2241
5.15          0.4094          0.2098
5.15          0.4276          0.1957
5.15          0.4457          0.1819
5.15          0.4639          0.1684
5.15           0.482          0.1553
5.15          0.5001          0.1427
5.15          0.5183          0.1307
5.15          0.5364          0.1191
5.15          0.5546          0.1082
5.15          0.5727          0.0979
5.15          0.5909         0.08823
5.15           0.609         0.07918
5.15          0.6271         0.07078
5.15          0.6453         0.06299
5.15          0.6634         0.05582
5.15          0.6816         0.04923
5.15          0.6997         0.04321
5.15          0.7179         0.03775
5.15           0.736         0.03281
5.15          0.7541         0.02836
5.15          0.7723         0.02437
5.15          0.7904         0.02082
5.15          0.8086         0.01766
5.15          0.8267         0.01488
5.15          0.8449         0.01244
5.15           0.863         0.01031
5.15          0.8811        0.008472
5.15          0.8993        0.006892
5.15          0.9174        0.005539
5.15          0.9356        0.004399
5.15          0.9537        0.003442
5.15          0.9719        0.002649
5.15            0.99        0.002001
8.15       0.0004292           1.018
8.15       0.0005179           0.975
8.15       0.0006251          0.9337
8.15       0.0007543          0.8941
8.15       0.0009103          0.8564
8.15        0.001099          0.8206
8.15        0.001326          0.7865
8.15          0.0016           0.754
8.15        0.001931           0.723
8.15         0.00233          0.6936
8.15        0.002812          0.6657
8.15        0.003393          0.6394
8.15        0.004095          0.6146
8.15        0.004942          0.5912
8.15        0.005964          0.5691
8.15        0.007197          0.5485
8.15        0.008685          0.5291
8.15         0.01048          0.5112
8.15         0.01265          0.4946
8.15         0.01526          0.4793
8.15         0.01842          0.4653
8.15         0.02223          0.4526
8.15         0.02683           0.441
8.15         0.03237          0.4305
8.15         0.03907          0.4212
8.15         0.04715          0.4127
8.15          0.0569          0.4052
8.15         0.06866          0.3983
8.15         0.08286          0.3919
8.15             0.1          0.3856
8.15           0.101          0.3853
8.15          0.1191          0.3792
8.15          0.1373           0.373
8.15          0.1554          0.3664
8.15          0.1736           0.359
8.15          0.1917          0.3507
8.15          0.2099          0.3415
8.15           0.228          0.3313
8.15          0.2461          0.3203
8.15          0.2643          0.3086
8.15          0.2824          0.2961
8.15          0.3006           0.283
8.15          0.3187          0.2694
8.15          0.3369          0.2555
8.15           0.355          0.2413
8.15          0.3731           0.227
8.15          0.3913          0.2128
8.15          0.4094          0.1986
8.15          0.4276          0.1846
8.15          0.4457          0.1709
8.15          0.4639          0.1576
8.15           0.482          0.1447
8.15          0.5001          0.1323
8.15          0.5183          0.1204
8.15          0.5364          0.1092
8.15          0.5546          0.0985
8.15          0.5727         0.08846
8.15          0.5909         0.07906
8.15           0.609         0.07031
8.15          0.6271         0.06221
8.15          0.6453         0.05473
8.15          0.6634          0.0479
8.15          0.6816         0.04165
8.15          0.6997         0.03599
8.15          0.7179          0.0309
8.15           0.736         0.02633
8.15          0.7541         0.02226
8.15          0.7723         0.01866
8.15          0.7904          0.0155
8.15          0.8086         0.01274
8.15          0.8267         0.01035
8.15          0.8449        0.008309
8.15           0.863        0.006575
8.15          0.8811        0.005117
8.15          0.8993        0.003913
8.15          0.9174        0.002923
8.15          0.9356         0.00213
8.15          0.9537        0.001506
8.15          0.9719        0.001025
8.15            0.99       0.0006653
12.90       0.0007543           1.049
12.90       0.0009103           1.001
12.90        0.001099          0.9558
12.90        0.001326          0.9125
12.90          0.0016          0.8713
12.90        0.001931           0.832
12.90         0.00233          0.7946
12.90        0.002812          0.7592
12.90        0.003393          0.7257
12.90        0.004095           0.694
12.90        0.004942          0.6641
12.90        0.005964          0.6358
12.90        0.007197          0.6093
12.90        0.008685          0.5843
12.90         0.01048           0.561
12.90         0.01265          0.5394
12.90         0.01526          0.5192
12.90         0.01842          0.5006
12.90         0.02223          0.4835
12.90         0.02683          0.4678
12.90         0.03237          0.4534
12.90         0.03907          0.4403
12.90         0.04715          0.4284
12.90          0.0569          0.4175
12.90         0.06866          0.4075
12.90         0.08286          0.3981
12.90             0.1          0.3889
12.90           0.101          0.3884
12.90          0.1191          0.3798
12.90          0.1373          0.3716
12.90          0.1554          0.3632
12.90          0.1736          0.3543
12.90          0.1917          0.3447
12.90          0.2099          0.3344
12.90           0.228          0.3234
12.90          0.2461          0.3116
12.90          0.2643          0.2992
12.90          0.2824          0.2862
12.90          0.3006          0.2727
12.90          0.3187          0.2589
12.90          0.3369          0.2448
12.90           0.355          0.2306
12.90          0.3731          0.2163
12.90          0.3913          0.2021
12.90          0.4094           0.188
12.90          0.4276          0.1742
12.90          0.4457          0.1607
12.90          0.4639          0.1477
12.90           0.482           0.135
12.90          0.5001          0.1229
12.90          0.5183          0.1114
12.90          0.5364          0.1005
12.90          0.5546         0.09013
12.90          0.5727         0.08045
12.90          0.5909         0.07142
12.90           0.609         0.06304
12.90          0.6271          0.0553
12.90          0.6453         0.04821
12.90          0.6634         0.04175
12.90          0.6816         0.03588
12.90          0.6997          0.0306
12.90          0.7179         0.02588
12.90           0.736         0.02169
12.90          0.7541         0.01799
12.90          0.7723         0.01476
12.90          0.7904         0.01196
12.90          0.8086        0.009555
12.90          0.8267        0.007517
12.90          0.8449        0.005806
12.90           0.863        0.004393
12.90          0.8811        0.003243
12.90          0.8993        0.002323
12.90          0.9174        0.001607
12.90          0.9356        0.001064
12.90          0.9537       0.0006647
12.90          0.9719       0.0003854
12.90            0.99       0.0002013
20.50        0.001099           1.098
20.50        0.001326           1.044
20.50          0.0016           0.993
20.50        0.001931          0.9442
20.50         0.00233           0.898
20.50        0.002812          0.8541
20.50        0.003393          0.8126
20.50        0.004095          0.7734
20.50        0.004942          0.7364
20.50        0.005964          0.7014
20.50        0.007197          0.6685
20.50        0.008685          0.6377
20.50         0.01048          0.6088
20.50         0.01265          0.5818
20.50         0.01526          0.5568
20.50         0.01842          0.5335
20.50         0.02223           0.512
20.50         0.02683          0.4922
20.50         0.03237           0.474
20.50         0.03907          0.4573
20.50         0.04715           0.442
20.50          0.0569           0.428
20.50         0.06866           0.415
20.50         0.08286          0.4028
20.50             0.1           0.391
20.50           0.101          0.3904
20.50          0.1191          0.3796
20.50          0.1373          0.3696
20.50          0.1554          0.3596
20.50          0.1736          0.3494
20.50          0.1917          0.3387
20.50          0.2099          0.3274
20.50           0.228          0.3155
20.50          0.2461          0.3031
20.50          0.2643          0.2901
20.50          0.2824          0.2767
20.50          0.3006          0.2629
20.50          0.3187          0.2489
20.50          0.3369          0.2347
20.50           0.355          0.2204
20.50          0.3731          0.2062
20.50          0.3913          0.1921
20.50          0.4094          0.1782
20.50          0.4276          0.1646
20.50          0.4457          0.1514
20.50          0.4639          0.1386
20.50           0.482          0.1263
20.50          0.5001          0.1146
20.50          0.5183          0.1034
20.50          0.5364         0.09283
20.50          0.5546          0.0829
20.50          0.5727         0.07361
20.50          0.5909         0.06498
20.50           0.609           0.057
20.50          0.6271         0.04966
20.50          0.6453         0.04297
20.50          0.6634          0.0369
20.50          0.6816         0.03141
20.50          0.6997         0.02651
20.50          0.7179         0.02215
20.50           0.736         0.01831
20.50          0.7541         0.01496
20.50          0.7723         0.01206
20.50          0.7904        0.009572
20.50          0.8086        0.007469
20.50          0.8267        0.005714
20.50          0.8449         0.00427
20.50           0.863        0.003106
20.50          0.8811        0.002184
20.50          0.8993        0.001475
20.50          0.9174       0.0009461
20.50          0.9356       0.0005677
20.50          0.9537       0.0003104
20.50          0.9719        0.000149
20.50            0.99       5.815e-05
51.50        0.002812            1.06
51.50        0.003393          0.9995
51.50        0.004095          0.9425
51.50        0.004942          0.8889
51.50        0.005964          0.8384
51.50        0.007197          0.7911
51.50        0.008685          0.7468
51.50         0.01048          0.7054
51.50         0.01265          0.6668
51.50         0.01526          0.6309
51.50         0.01842          0.5977
51.50         0.02223          0.5669
51.50         0.02683          0.5386
51.50         0.03237          0.5125
51.50         0.03907          0.4886
51.50         0.04715          0.4667
51.50          0.0569          0.4466
51.50         0.06866           0.428
51.50         0.08286          0.4106
51.50             0.1           0.394
51.50           0.101          0.3931
51.50          0.1191          0.3783
51.50          0.1373           0.365
51.50          0.1554          0.3523
51.50          0.1736          0.3398
51.50          0.1917          0.3271
51.50          0.2099          0.3142
51.50           0.228          0.3009
51.50          0.2461          0.2874
51.50          0.2643          0.2735
51.50          0.2824          0.2594
51.50          0.3006          0.2452
51.50          0.3187          0.2309
51.50          0.3369          0.2165
51.50           0.355          0.2023
51.50          0.3731          0.1883
51.50          0.3913          0.1745
51.50          0.4094           0.161
51.50          0.4276          0.1479
51.50          0.4457          0.1353
51.50          0.4639          0.1231
51.50           0.482          0.1116
51.50          0.5001          0.1005
51.50          0.5183         0.09015
51.50          0.5364         0.08038
51.50          0.5546         0.07125
51.50          0.5727         0.06277
51.50          0.5909         0.05494
51.50           0.609         0.04775
51.50          0.6271         0.04119
51.50          0.6453         0.03526
51.50          0.6634          0.0299
51.50          0.6816         0.02513
51.50          0.6997         0.02089
51.50          0.7179         0.01717
51.50           0.736         0.01393
51.50          0.7541         0.01114
51.50          0.7723        0.008759
51.50          0.7904        0.006759
51.50          0.8086        0.005103
51.50          0.8267        0.003753
51.50          0.8449        0.002678
51.50           0.863        0.001838
51.50          0.8811        0.001204
51.50          0.8993       0.0007431
51.50          0.9174       0.0004227
51.50          0.9356        0.000215
51.50          0.9537       9.205e-05
51.50          0.9719       2.994e-05
51.50            0.99       5.402e-06
129.20        0.007197          0.9034
129.20        0.008685          0.8457
129.20         0.01048          0.7919
129.20         0.01265          0.7419
129.20         0.01526          0.6955
129.20         0.01842          0.6527
129.20         0.02223          0.6133
129.20         0.02683          0.5771
129.20         0.03237          0.5438
129.20         0.03907          0.5135
129.20         0.04715          0.4857
129.20          0.0569          0.4603
129.20         0.06866           0.437
129.20         0.08286          0.4153
129.20             0.1          0.3946
129.20           0.101          0.3936
129.20          0.1191          0.3756
129.20          0.1373          0.3596
129.20          0.1554          0.3448
129.20          0.1736          0.3304
129.20          0.1917          0.3162
129.20          0.2099          0.3019
129.20           0.228          0.2876
129.20          0.2461          0.2732
129.20          0.2643          0.2588
129.20          0.2824          0.2442
129.20          0.3006          0.2297
129.20          0.3187          0.2152
129.20          0.3369           0.201
129.20           0.355          0.1869
129.20          0.3731          0.1731
129.20          0.3913          0.1597
129.20          0.4094          0.1466
129.20          0.4276          0.1341
129.20          0.4457           0.122
129.20          0.4639          0.1106
129.20           0.482         0.09966
129.20          0.5001         0.08937
129.20          0.5183         0.07971
129.20          0.5364         0.07068
129.20          0.5546          0.0623
129.20          0.5727         0.05456
129.20          0.5909         0.04746
129.20           0.609         0.04098
129.20          0.6271          0.0351
129.20          0.6453         0.02982
129.20          0.6634         0.02509
129.20          0.6816         0.02089
129.20          0.6997         0.01721
129.20          0.7179         0.01399
129.20           0.736         0.01122
129.20          0.7541        0.008854
129.20          0.7723        0.006861
129.20          0.7904        0.005206
129.20          0.8086        0.003854
129.20          0.8267        0.002771
129.20          0.8449        0.001922
129.20           0.863        0.001277
129.20          0.8811       0.0008024
129.20          0.8993       0.0004691
129.20          0.9174        0.000248
129.20          0.9356       0.0001136
129.20          0.9537       4.123e-05
129.20          0.9719       9.946e-06
129.20            0.99       6.924e-07
514.50         0.02683          0.6338
514.50         0.03237          0.5912
514.50         0.03907          0.5517
514.50         0.04715          0.5155
514.50          0.0569          0.4824
514.50         0.06866          0.4522
514.50         0.08286          0.4243
514.50             0.1           0.398
514.50           0.101          0.3967
514.50          0.1191          0.3742
514.50          0.1373          0.3546
514.50          0.1554          0.3368
514.50          0.1736          0.3199
514.50          0.1917          0.3037
514.50          0.2099          0.2878
514.50           0.228          0.2721
514.50          0.2461          0.2567
514.50          0.2643          0.2414
514.50          0.2824          0.2263
514.50          0.3006          0.2114
514.50          0.3187          0.1968
514.50          0.3369          0.1826
514.50           0.355          0.1687
514.50          0.3731          0.1553
514.50          0.3913          0.1423
514.50          0.4094          0.1299
514.50          0.4276          0.1181
514.50          0.4457          0.1068
514.50          0.4639         0.09612
514.50           0.482          0.0861
514.50          0.5001         0.07671
514.50          0.5183         0.06797
514.50          0.5364         0.05987
514.50          0.5546         0.05241
514.50          0.5727         0.04557
514.50          0.5909         0.03935
514.50           0.609         0.03372
514.50          0.6271         0.02866
514.50          0.6453         0.02414
514.50          0.6634         0.02014
514.50          0.6816         0.01662
514.50          0.6997         0.01355
514.50          0.7179          0.0109
514.50           0.736        0.008643
514.50          0.7541        0.006737
514.50          0.7723        0.005149
514.50          0.7904        0.003849
514.50          0.8086        0.002801
514.50          0.8267        0.001975
514.50          0.8449        0.001339
514.50           0.863        0.000866
514.50          0.8811       0.0005265
514.50          0.8993       0.0002953
514.50          0.9174       0.0001476
514.50          0.9356       6.255e-05
514.50          0.9537       1.999e-05
514.50          0.9719       3.785e-06
514.50            0.99       3.454e-08
