2.05       0.0001151           1.587
2.05       0.0001389           1.234
2.05       0.0001677          0.9971
2.05       0.0002024          0.8432
2.05       0.0002442          0.7424
2.05       0.0002947          0.6744
2.05       0.0003556          0.6266
2.05       0.0004292          0.5912
2.05       0.0005179          0.5638
2.05       0.0006251          0.5417
2.05       0.0007543          0.5231
2.05       0.0009103          0.5069
2.05        0.001099          0.4926
2.05        0.001326          0.4797
2.05          0.0016          0.4678
2.05        0.001931          0.4568
2.05         0.00233          0.4464
2.05        0.002812          0.4365
2.05        0.003393          0.4271
2.05        0.004095          0.4179
2.05        0.004942          0.4089
2.05        0.005964             0.4
2.05        0.007197          0.3912
2.05        0.008685          0.3825
2.05         0.01048          0.3739
2.05         0.01265          0.3657
2.05         0.01526           0.358
2.05         0.01842          0.3511
2.05         0.02223          0.3456
2.05         0.02683          0.3416
2.05         0.03237          0.3397
2.05         0.03907          0.3401
2.05         0.04715          0.3425
2.05          0.0569          0.3467
2.05         0.06866          0.3516
2.05         0.08286          0.3561
2.05             0.1           0.359
2.05           0.101          0.3591
2.05          0.1191          0.3596
2.05          0.1373          0.3584
2.05          0.1554          0.3559
2.05          0.1736          0.3524
2.05          0.1917          0.3481
2.05          0.2099          0.3431
2.05           0.228          0.3372
2.05          0.2461          0.3304
2.05          0.2643          0.3229
2.05          0.2824          0.3146
2.05          0.3006          0.3056
2.05          0.3187          0.2961
2.05          0.3369          0.2861
2.05           0.355          0.2757
2.05          0.3731          0.2651
2.05          0.3913          0.2543
2.05          0.4094          0.2435
2.05          0.4276          0.2328
2.05          0.4457          0.2222
2.05          0.4639          0.2119
2.05           0.482          0.2017
2.05          0.5001          0.1919
2.05          0.5183          0.1823
2.05          0.5364          0.1731
2.05          0.5546          0.1643
2.05          0.5727          0.1557
2.05          0.5909          0.1476
2.05           0.609          0.1398
2.05          0.6271          0.1324
2.05          0.6453          0.1252
2.05          0.6634          0.1185
2.05          0.6816           0.112
2.05          0.6997          0.1059
2.05          0.7179             0.1
2.05           0.736         0.09441
2.05          0.7541          0.0891
2.05          0.7723         0.08404
2.05          0.7904         0.07922
2.05          0.8086         0.07463
2.05          0.8267         0.07026
2.05          0.8449          0.0661
2.05           0.863         0.06213
2.05          0.8811         0.05835
2.05          0.8993         0.05475
2.05          0.9174         0.05133
2.05          0.9356         0.04806
2.05          0.9537         0.04495
2.05          0.9719         0.04199
2.05            0.99         0.03919
5.15       0.0002947           1.294
5.15       0.0003556           1.131
5.15       0.0004292           1.016
5.15       0.0005179          0.9334
5.15       0.0006251          0.8724
5.15       0.0007543          0.8246
5.15       0.0009103          0.7853
5.15        0.001099          0.7514
5.15        0.001326          0.7212
5.15          0.0016          0.6937
5.15        0.001931          0.6682
5.15         0.00233          0.6442
5.15        0.002812          0.6215
5.15        0.003393          0.5998
5.15        0.004095          0.5792
5.15        0.004942          0.5594
5.15        0.005964          0.5404
5.15        0.007197          0.5222
5.15        0.008685          0.5048
5.15         0.01048          0.4883
5.15         0.01265          0.4727
5.15         0.01526          0.4582
5.15         0.01842           0.445
5.15         0.02223          0.4333
5.15         0.02683          0.4231
5.15         0.03237          0.4147
5.15         0.03907           0.408
5.15         0.04715          0.4028
5.15          0.0569          0.3986
5.15         0.06866          0.3947
5.15         0.08286          0.3906
5.15             0.1          0.3856
5.15           0.101          0.3853
5.15          0.1191          0.3796
5.15          0.1373          0.3737
5.15          0.1554          0.3675
5.15          0.1736           0.361
5.15          0.1917          0.3539
5.15          0.2099          0.3461
5.15           0.228          0.3377
5.15          0.2461          0.3284
5.15          0.2643          0.3184
5.15          0.2824          0.3077
5.15          0.3006          0.2963
5.15          0.3187          0.2844
5.15          0.3369           0.272
5.15           0.355          0.2593
5.15          0.3731          0.2464
5.15          0.3913          0.2334
5.15          0.4094          0.2204
5.15          0.4276          0.2075
5.15          0.4457          0.1947
5.15          0.4639          0.1822
5.15           0.482            0.17
5.15          0.5001          0.1581
5.15          0.5183          0.1467
5.15          0.5364          0.1356
5.15          0.5546           0.125
5.15          0.5727          0.1149
5.15          0.5909          0.1052
5.15           0.609         0.09604
5.15          0.6271         0.08737
5.15          0.6453          0.0792
5.15          0.6634         0.07153
5.15          0.6816         0.06434
5.15          0.6997         0.05764
5.15          0.7179         0.05141
5.15           0.736         0.04563
5.15          0.7541         0.04031
5.15          0.7723         0.03542
5.15          0.7904         0.03094
5.15          0.8086         0.02687
5.15          0.8267         0.02318
5.15          0.8449         0.01985
5.15           0.863         0.01687
5.15          0.8811         0.01421
5.15          0.8993         0.01187
5.15          0.9174        0.009804
5.15          0.9356        0.008011
5.15          0.9537        0.006466
5.15          0.9719        0.005151
5.15            0.99        0.004063
8.15       0.0004292            1.26
8.15       0.0005179           1.145
8.15       0.0006251           1.057
8.15       0.0007543          0.9884
8.15       0.0009103          0.9333
8.15        0.001099          0.8868
8.15        0.001326          0.8461
8.15          0.0016          0.8093
8.15        0.001931          0.7754
8.15         0.00233          0.7438
8.15        0.002812           0.714
8.15        0.003393          0.6857
8.15        0.004095          0.6588
8.15        0.004942          0.6331
8.15        0.005964          0.6086
8.15        0.007197          0.5853
8.15        0.008685          0.5631
8.15         0.01048          0.5421
8.15         0.01265          0.5223
8.15         0.01526          0.5037
8.15         0.01842          0.4867
8.15         0.02223          0.4712
8.15         0.02683          0.4573
8.15         0.03237          0.4451
8.15         0.03907          0.4346
8.15         0.04715          0.4254
8.15          0.0569          0.4172
8.15         0.06866          0.4094
8.15         0.08286          0.4016
8.15             0.1          0.3931
8.15           0.101          0.3927
8.15          0.1191          0.3844
8.15          0.1373          0.3764
8.15          0.1554          0.3685
8.15          0.1736          0.3604
8.15          0.1917          0.3519
8.15          0.2099          0.3429
8.15           0.228          0.3332
8.15          0.2461          0.3228
8.15          0.2643          0.3118
8.15          0.2824          0.3001
8.15          0.3006          0.2878
8.15          0.3187          0.2751
8.15          0.3369           0.262
8.15           0.355          0.2486
8.15          0.3731          0.2351
8.15          0.3913          0.2216
8.15          0.4094          0.2081
8.15          0.4276          0.1947
8.15          0.4457          0.1816
8.15          0.4639          0.1688
8.15           0.482          0.1563
8.15          0.5001          0.1442
8.15          0.5183          0.1325
8.15          0.5364          0.1214
8.15          0.5546          0.1107
8.15          0.5727          0.1005
8.15          0.5909         0.09091
8.15           0.609         0.08184
8.15          0.6271         0.07332
8.15          0.6453         0.06536
8.15          0.6634         0.05795
8.15          0.6816         0.05109
8.15          0.6997         0.04476
8.15          0.7179         0.03896
8.15           0.736         0.03367
8.15          0.7541         0.02887
8.15          0.7723         0.02455
8.15          0.7904         0.02069
8.15          0.8086         0.01726
8.15          0.8267         0.01423
8.15          0.8449          0.0116
8.15           0.863        0.009317
8.15          0.8811        0.007371
8.15          0.8993         0.00573
8.15          0.9174        0.004366
8.15          0.9356        0.003252
8.15          0.9537        0.002362
8.15          0.9719        0.001668
8.15            0.99        0.001155
12.90       0.0007543           1.127
12.90       0.0009103           1.067
12.90        0.001099           1.014
12.90        0.001326          0.9655
12.90          0.0016          0.9213
12.90        0.001931          0.8801
12.90         0.00233          0.8412
12.90        0.002812          0.8045
12.90        0.003393          0.7696
12.90        0.004095          0.7364
12.90        0.004942          0.7048
12.90        0.005964          0.6747
12.90        0.007197          0.6461
12.90        0.008685          0.6189
12.90         0.01048          0.5931
12.90         0.01265          0.5688
12.90         0.01526          0.5461
12.90         0.01842           0.525
12.90         0.02223          0.5055
12.90         0.02683          0.4878
12.90         0.03237          0.4717
12.90         0.03907          0.4574
12.90         0.04715          0.4443
12.90          0.0569          0.4324
12.90         0.06866           0.421
12.90         0.08286          0.4098
12.90             0.1          0.3984
12.90           0.101          0.3977
12.90          0.1191          0.3871
12.90          0.1373          0.3772
12.90          0.1554          0.3676
12.90          0.1736          0.3581
12.90          0.1917          0.3483
12.90          0.2099          0.3381
12.90           0.228          0.3274
12.90          0.2461           0.316
12.90          0.2643           0.304
12.90          0.2824          0.2915
12.90          0.3006          0.2786
12.90          0.3187          0.2652
12.90          0.3369          0.2516
12.90           0.355          0.2378
12.90          0.3731          0.2239
12.90          0.3913          0.2101
12.90          0.4094          0.1963
12.90          0.4276          0.1828
12.90          0.4457          0.1696
12.90          0.4639          0.1567
12.90           0.482          0.1442
12.90          0.5001          0.1322
12.90          0.5183          0.1206
12.90          0.5364          0.1096
12.90          0.5546         0.09911
12.90          0.5727         0.08918
12.90          0.5909         0.07983
12.90           0.609         0.07107
12.90          0.6271          0.0629
12.90          0.6453         0.05532
12.90          0.6634         0.04833
12.90          0.6816         0.04192
12.90          0.6997         0.03607
12.90          0.7179         0.03077
12.90           0.736         0.02601
12.90          0.7541         0.02176
12.90          0.7723           0.018
12.90          0.7904          0.0147
12.90          0.8086         0.01183
12.90          0.8267        0.009377
12.90          0.8449        0.007296
12.90           0.863        0.005559
12.90          0.8811        0.004135
12.90          0.8993         0.00299
12.90          0.9174         0.00209
12.90          0.9356        0.001402
12.90          0.9537       0.0008968
12.90          0.9719       0.0005406
12.90            0.99       0.0003089
20.50        0.001099           1.078
20.50        0.001326           1.049
20.50          0.0016           1.013
20.50        0.001931          0.9742
20.50         0.00233          0.9336
20.50        0.002812          0.8929
20.50        0.003393          0.8528
20.50        0.004095          0.8139
20.50        0.004942          0.7764
20.50        0.005964          0.7404
20.50        0.007197          0.7061
20.50        0.008685          0.6734
20.50         0.01048          0.6424
20.50         0.01265          0.6131
20.50         0.01526          0.5856
20.50         0.01842          0.5599
20.50         0.02223          0.5361
20.50         0.02683          0.5142
20.50         0.03237          0.4942
20.50         0.03907          0.4759
20.50         0.04715          0.4593
20.50          0.0569          0.4438
20.50         0.06866          0.4293
20.50         0.08286          0.4152
20.50             0.1          0.4011
20.50           0.101          0.4003
20.50          0.1191          0.3876
20.50          0.1373           0.376
20.50          0.1554          0.3651
20.50          0.1736          0.3543
20.50          0.1917          0.3434
20.50          0.2099          0.3322
20.50           0.228          0.3206
20.50          0.2461          0.3084
20.50          0.2643          0.2957
20.50          0.2824          0.2826
20.50          0.3006          0.2691
20.50          0.3187          0.2553
20.50          0.3369          0.2413
20.50           0.355          0.2272
20.50          0.3731          0.2132
20.50          0.3913          0.1992
20.50          0.4094          0.1854
20.50          0.4276          0.1719
20.50          0.4457          0.1588
20.50          0.4639           0.146
20.50           0.482          0.1337
20.50          0.5001          0.1219
20.50          0.5183          0.1106
20.50          0.5364          0.0998
20.50          0.5546         0.08964
20.50          0.5727         0.08006
20.50          0.5909          0.0711
20.50           0.609         0.06274
20.50          0.6271         0.05499
20.50          0.6453         0.04786
20.50          0.6634         0.04133
20.50          0.6816         0.03539
20.50          0.6997         0.03002
20.50          0.7179         0.02521
20.50           0.736         0.02093
20.50          0.7541         0.01717
20.50          0.7723         0.01388
20.50          0.7904         0.01105
20.50          0.8086        0.008646
20.50          0.8267        0.006624
20.50          0.8449        0.004954
20.50           0.863        0.003603
20.50          0.8811        0.002535
20.50          0.8993        0.001711
20.50          0.9174        0.001095
20.50          0.9356       0.0006525
20.50          0.9537       0.0003515
20.50          0.9719        0.000158
20.50            0.99       4.232e-05
51.50        0.002812          0.9646
51.50        0.003393          0.9562
51.50        0.004095          0.9323
51.50        0.004942          0.8986
51.50        0.005964          0.8598
51.50        0.007197          0.8189
51.50        0.008685          0.7778
51.50         0.01048          0.7376
51.50         0.01265          0.6989
51.50         0.01526          0.6621
51.50         0.01842          0.6274
51.50         0.02223          0.5948
51.50         0.02683          0.5645
51.50         0.03237          0.5365
51.50         0.03907          0.5106
51.50         0.04715          0.4867
51.50          0.0569          0.4646
51.50         0.06866          0.4438
51.50         0.08286          0.4242
51.50             0.1          0.4051
51.50           0.101          0.4041
51.50          0.1191          0.3875
51.50          0.1373          0.3729
51.50          0.1554          0.3593
51.50          0.1736          0.3462
51.50          0.1917          0.3333
51.50          0.2099          0.3203
51.50           0.228          0.3071
51.50          0.2461          0.2935
51.50          0.2643          0.2797
51.50          0.2824          0.2656
51.50          0.3006          0.2513
51.50          0.3187           0.237
51.50          0.3369          0.2226
51.50           0.355          0.2083
51.50          0.3731          0.1941
51.50          0.3913          0.1802
51.50          0.4094          0.1666
51.50          0.4276          0.1534
51.50          0.4457          0.1406
51.50          0.4639          0.1284
51.50           0.482          0.1166
51.50          0.5001          0.1054
51.50          0.5183         0.09478
51.50          0.5364         0.08476
51.50          0.5546         0.07536
51.50          0.5727          0.0666
51.50          0.5909         0.05846
51.50           0.609         0.05095
51.50          0.6271         0.04406
51.50          0.6453         0.03778
51.50          0.6634         0.03211
51.50          0.6816         0.02701
51.50          0.6997         0.02247
51.50          0.7179         0.01847
51.50           0.736         0.01497
51.50          0.7541         0.01195
51.50          0.7723        0.009373
51.50          0.7904        0.007205
51.50          0.8086        0.005412
51.50          0.8267        0.003953
51.50          0.8449        0.002792
51.50           0.863        0.001892
51.50          0.8811        0.001217
51.50          0.8993       0.0007272
51.50          0.9174       0.0003862
51.50          0.9356       0.0001615
51.50          0.9537       2.286e-05
51.50          0.9719      -5.989e-05
51.50            0.99      -0.0001148
129.20        0.007197          0.8379
129.20        0.008685          0.8231
129.20         0.01048          0.7952
129.20         0.01265          0.7597
129.20         0.01526          0.7207
129.20         0.01842          0.6811
129.20         0.02223          0.6424
129.20         0.02683          0.6054
129.20         0.03237          0.5706
129.20         0.03907          0.5382
129.20         0.04715          0.5081
129.20          0.0569          0.4803
129.20         0.06866          0.4544
129.20         0.08286            0.43
129.20             0.1          0.4069
129.20           0.101          0.4057
129.20          0.1191          0.3858
129.20          0.1373          0.3685
129.20          0.1554          0.3527
129.20          0.1736          0.3377
129.20          0.1917          0.3232
129.20          0.2099          0.3087
129.20           0.228          0.2942
129.20          0.2461          0.2796
129.20          0.2643           0.265
129.20          0.2824          0.2502
129.20          0.3006          0.2355
129.20          0.3187          0.2208
129.20          0.3369          0.2063
129.20           0.355           0.192
129.20          0.3731          0.1779
129.20          0.3913          0.1643
129.20          0.4094           0.151
129.20          0.4276          0.1383
129.20          0.4457           0.126
129.20          0.4639          0.1143
129.20           0.482          0.1032
129.20          0.5001         0.09268
129.20          0.5183         0.08279
129.20          0.5364         0.07353
129.20          0.5546          0.0649
129.20          0.5727         0.05691
129.20          0.5909         0.04955
129.20           0.609         0.04282
129.20          0.6271         0.03669
129.20          0.6453         0.03116
129.20          0.6634          0.0262
129.20          0.6816          0.0218
129.20          0.6997         0.01791
129.20          0.7179         0.01453
129.20           0.736          0.0116
129.20          0.7541        0.009109
129.20          0.7723        0.007012
129.20          0.7904        0.005277
129.20          0.8086        0.003868
129.20          0.8267        0.002743
129.20          0.8449        0.001869
129.20           0.863        0.001208
129.20          0.8811       0.0007283
129.20          0.8993       0.0003914
129.20          0.9174       0.0001654
129.20          0.9356       2.205e-05
129.20          0.9537      -6.434e-05
129.20          0.9719      -0.0001183
129.20            0.99      -0.0001618
514.50         0.02683          0.6187
514.50         0.03237          0.5952
514.50         0.03907          0.5655
514.50         0.04715           0.533
514.50          0.0569          0.5004
514.50         0.06866           0.469
514.50         0.08286           0.439
514.50             0.1          0.4105
514.50           0.101          0.4091
514.50          0.1191          0.3848
514.50          0.1373           0.364
514.50          0.1554          0.3453
514.50          0.1736          0.3278
514.50          0.1917           0.311
514.50          0.2099          0.2947
514.50           0.228          0.2787
514.50          0.2461          0.2629
514.50          0.2643          0.2472
514.50          0.2824          0.2317
514.50          0.3006          0.2165
514.50          0.3187          0.2015
514.50          0.3369          0.1869
514.50           0.355          0.1727
514.50          0.3731          0.1589
514.50          0.3913          0.1457
514.50          0.4094           0.133
514.50          0.4276          0.1209
514.50          0.4457          0.1093
514.50          0.4639         0.09846
514.50           0.482         0.08821
514.50          0.5001         0.07862
514.50          0.5183         0.06967
514.50          0.5364         0.06137
514.50          0.5546         0.05372
514.50          0.5727          0.0467
514.50          0.5909          0.0403
514.50           0.609          0.0345
514.50          0.6271         0.02927
514.50          0.6453         0.02461
514.50          0.6634         0.02047
514.50          0.6816         0.01683
514.50          0.6997         0.01367
514.50          0.7179         0.01094
514.50           0.736        0.008614
514.50          0.7541        0.006659
514.50          0.7723        0.005039
514.50          0.7904         0.00372
514.50          0.8086        0.002666
514.50          0.8267        0.001841
514.50          0.8449        0.001211
514.50           0.863       0.0007467
514.50          0.8811        0.000417
514.50          0.8993       0.0001911
514.50          0.9174       4.247e-05
514.50          0.9356      -5.089e-05
514.50          0.9537      -0.0001086
514.50          0.9719      -0.0001484
514.50            0.99      -0.0001847
