2.05       0.0001292       3.381e+11       3.138e+11           1.078
2.05       0.0002048       1.575e+11        1.69e+11          0.9321
2.05       0.0003246       9.067e+10       9.588e+10          0.9457
2.05       0.0005145        5.58e+10       5.868e+10          0.9509
2.05       0.0008155       3.462e+10       3.634e+10          0.9525
2.05        0.001292       2.134e+10        2.24e+10          0.9527
2.05        0.002048       1.307e+10       1.373e+10           0.952
2.05        0.003246       7.951e+09       8.362e+09          0.9508
2.05        0.005145       4.812e+09        5.07e+09          0.9491
2.05        0.008155       2.897e+09       3.059e+09          0.9469
2.05         0.01292       1.738e+09       1.841e+09          0.9444
2.05         0.02048       1.049e+09       1.113e+09           0.942
2.05         0.03246       6.476e+08       6.886e+08          0.9405
2.05         0.05145       4.147e+08       4.412e+08          0.9399
2.05         0.08155       2.705e+08       2.881e+08           0.939
2.05          0.1292       1.724e+08       1.813e+08           0.951
2.05          0.2048       1.044e+08       2.891e+07           3.611
5.15       0.0003246       1.896e+10       1.793e+10           1.057
5.15       0.0005145       1.114e+10        1.19e+10          0.9359
5.15       0.0008155       7.132e+09       7.572e+09          0.9419
5.15        0.001292       4.522e+09       4.795e+09           0.943
5.15        0.002048       2.796e+09       2.967e+09          0.9423
5.15        0.003246       1.692e+09       1.798e+09          0.9412
5.15        0.005145        1.01e+09       1.074e+09          0.9399
5.15        0.008155       5.967e+08       6.356e+08          0.9388
5.15         0.01292       3.514e+08       3.747e+08          0.9378
5.15         0.02048       2.078e+08       2.218e+08           0.937
5.15         0.03246       1.247e+08       1.331e+08          0.9366
5.15         0.05145       7.627e+07       8.146e+07          0.9363
5.15         0.08155       4.704e+07       5.032e+07          0.9349
5.15          0.1292        2.86e+07       3.068e+07          0.9325
5.15          0.2048       1.672e+07       1.797e+07          0.9303
5.15          0.3246       8.494e+06       6.873e+06           1.236
5.15          0.5145       2.849e+06       1.025e+04             278
8.15       0.0005145        4.55e+09       4.286e+09           1.062
8.15       0.0008155       2.884e+09       3.086e+09          0.9348
8.15        0.001292        1.89e+09       2.012e+09          0.9391
8.15        0.002048       1.199e+09       1.276e+09          0.9396
8.15        0.003246       7.363e+08       7.843e+08          0.9388
8.15        0.005145       4.414e+08       4.707e+08          0.9378
8.15        0.008155       2.606e+08       2.782e+08          0.9368
8.15         0.01292       1.527e+08       1.632e+08          0.9358
8.15         0.02048       8.957e+07        9.58e+07           0.935
8.15         0.03246       5.303e+07       5.676e+07          0.9344
8.15         0.05145       3.184e+07        3.41e+07           0.934
8.15         0.08155       1.923e+07       2.062e+07          0.9327
8.15          0.1292       1.148e+07       1.234e+07          0.9307
8.15          0.2048       6.594e+06       7.101e+06          0.9287
8.15          0.3246       3.265e+06       3.552e+06           0.919
8.15          0.5145       1.026e+06       4.827e+05           2.127
12.92       0.0008155       1.095e+09       1.049e+09           1.044
12.92        0.001292       7.304e+08       7.828e+08          0.9331
12.92        0.002048       4.839e+08       5.166e+08          0.9366
12.92        0.003246       3.062e+08       3.269e+08          0.9367
12.92        0.005145       1.866e+08       1.994e+08           0.936
12.92        0.008155       1.109e+08       1.186e+08           0.935
12.92         0.01292       6.499e+07       6.958e+07           0.934
12.92         0.02048       3.791e+07       4.063e+07          0.9331
12.92         0.03246       2.221e+07       2.382e+07          0.9326
12.92         0.05145       1.313e+07       1.409e+07           0.932
12.92         0.08155       7.796e+06       8.375e+06          0.9309
12.92          0.1292       4.581e+06        4.93e+06          0.9293
12.92          0.2048       2.588e+06       2.791e+06          0.9273
12.92          0.3246        1.25e+06       1.364e+06          0.9169
12.92          0.5145       3.722e+05       3.776e+05          0.9858
12.92          0.8155       2.071e+04           21.66           956.1
20.48        0.001292        2.63e+08       2.174e+08            1.21
20.48        0.002048       1.814e+08       1.946e+08          0.9323
20.48        0.003246       1.207e+08       1.291e+08          0.9351
20.48        0.005145       7.597e+07       8.127e+07          0.9348
20.48        0.008155       4.591e+07       4.916e+07          0.9337
20.48         0.01292       2.705e+07       2.901e+07          0.9324
20.48         0.02048       1.574e+07       1.691e+07          0.9313
20.48         0.03246       9.151e+06       9.835e+06          0.9304
20.48         0.05145       5.346e+06        5.75e+06          0.9298
20.48         0.08155       3.131e+06        3.37e+06           0.929
20.48          0.1292       1.816e+06       1.958e+06          0.9278
20.48          0.2048       1.012e+06       1.092e+06          0.9261
20.48          0.3246       4.781e+05       5.225e+05          0.9151
20.48          0.5145       1.359e+05       1.588e+05           0.856
20.48          0.8155            5959            5644           1.056
51.45        0.003246       1.513e+07       1.469e+07            1.03
51.45        0.005145        1.06e+07       1.141e+07          0.9293
51.45        0.008155       6.993e+06        7.51e+06          0.9311
51.45         0.01292       4.333e+06       4.656e+06          0.9306
51.45         0.02048       2.577e+06       2.772e+06          0.9296
51.45         0.03246         1.5e+06       1.615e+06          0.9287
51.45         0.05145       8.661e+05       9.333e+05           0.928
51.45         0.08155       4.978e+05       5.369e+05          0.9273
51.45          0.1292        2.83e+05       3.055e+05          0.9263
51.45          0.2048       1.537e+05       1.663e+05          0.9243
51.45          0.3246       6.986e+04       7.661e+04          0.9118
51.45          0.5145       1.845e+04        2.18e+04          0.8464
51.45          0.8155           579.8            1512          0.3835
129.25        0.008155       8.252e+05       8.062e+05           1.024
129.25         0.01292       5.674e+05       6.134e+05          0.9251
129.25         0.02048       3.674e+05       3.964e+05           0.927
129.25         0.03246       2.244e+05       2.422e+05          0.9267
129.25         0.05145       1.322e+05       1.428e+05          0.9261
129.25         0.08155        7.63e+04       8.244e+04          0.9255
129.25          0.1292       4.313e+04       4.664e+04          0.9249
129.25          0.2048       2.307e+04         2.5e+04          0.9227
129.25          0.3246       1.017e+04       1.119e+04          0.9089
129.25          0.5145            2538            3028          0.8382
129.25          0.8155           64.63           193.2          0.3345
514.53         0.03246            9374            9159           1.023
514.53         0.05145            6166            6696          0.9207
514.53         0.08155            3901            4225          0.9235
514.53          0.1292            2326            2518          0.9237
514.53          0.2048            1267            1375          0.9214
514.53          0.3246           550.5           607.5           0.906
514.53          0.5145             130           156.8          0.8289
514.53          0.8155           2.718           8.996          0.3021
