2.05       0.0001151           1.585
2.05       0.0001389            1.23
2.05       0.0001677          0.9912
2.05       0.0002024          0.8356
2.05       0.0002442          0.7337
2.05       0.0002947          0.6652
2.05       0.0003556          0.6172
2.05       0.0004292          0.5816
2.05       0.0005179           0.554
2.05       0.0006251          0.5321
2.05       0.0007543          0.5134
2.05       0.0009103          0.4969
2.05        0.001099          0.4821
2.05        0.001326          0.4684
2.05          0.0016          0.4556
2.05        0.001931          0.4435
2.05         0.00233          0.4322
2.05        0.002812          0.4217
2.05        0.003393          0.4119
2.05        0.004095          0.4028
2.05        0.004942          0.3943
2.05        0.005964          0.3864
2.05        0.007197          0.3793
2.05        0.008685          0.3726
2.05         0.01048          0.3663
2.05         0.01265          0.3606
2.05         0.01526          0.3567
2.05         0.01842          0.3537
2.05         0.02223           0.352
2.05         0.02683          0.3514
2.05         0.03237          0.3508
2.05         0.03907          0.3472
2.05         0.04715          0.3458
2.05          0.0569          0.3462
2.05         0.06866          0.3462
2.05         0.08286          0.3458
2.05             0.1          0.3443
2.05           0.101          0.3444
2.05          0.1191          0.3467
2.05          0.1373          0.3479
2.05          0.1554          0.3478
2.05          0.1736          0.3477
2.05          0.1917          0.3462
2.05          0.2099          0.3425
2.05           0.228          0.3373
2.05          0.2461          0.3312
2.05          0.2643          0.3244
2.05          0.2824          0.3167
2.05          0.3006           0.308
2.05          0.3187          0.2978
2.05          0.3369          0.2867
2.05           0.355          0.2744
2.05          0.3731          0.2645
2.05          0.3913          0.2526
2.05          0.4094          0.2418
2.05          0.4276          0.2303
2.05          0.4457          0.2183
2.05          0.4639          0.2069
2.05           0.482          0.1946
2.05          0.5001           0.183
2.05          0.5183          0.1719
2.05          0.5364          0.1602
2.05          0.5546          0.1496
2.05          0.5727          0.1395
2.05          0.5909          0.1292
2.05           0.609          0.1195
2.05          0.6271           0.111
2.05          0.6453          0.1032
2.05          0.6634         0.09573
2.05          0.6816         0.08782
2.05          0.6997         0.08096
2.05          0.7179         0.07482
2.05           0.736         0.06843
2.05          0.7541         0.06245
2.05          0.7723         0.05764
2.05          0.7904         0.05285
2.05          0.8086         0.04847
2.05          0.8267         0.04417
2.05          0.8449         0.04009
2.05           0.863         0.03619
2.05          0.8811         0.03228
2.05          0.8993         0.02895
2.05          0.9174         0.02624
2.05          0.9356         0.02379
2.05          0.9537         0.02153
2.05          0.9719         0.01937
2.05            0.99         0.01736
5.15       0.0002947           1.274
5.15       0.0003556           1.099
5.15       0.0004292           0.977
5.15       0.0005179          0.8917
5.15       0.0006251            0.83
5.15       0.0007543          0.7827
5.15       0.0009103          0.7442
5.15        0.001099          0.7114
5.15        0.001326          0.6824
5.15          0.0016           0.656
5.15        0.001931          0.6315
5.15         0.00233          0.6086
5.15        0.002812          0.5871
5.15        0.003393          0.5667
5.15        0.004095          0.5474
5.15        0.004942           0.529
5.15        0.005964          0.5116
5.15        0.007197          0.4952
5.15        0.008685          0.4796
5.15         0.01048          0.4647
5.15         0.01265          0.4509
5.15         0.01526          0.4386
5.15         0.01842          0.4274
5.15         0.02223          0.4174
5.15         0.02683          0.4084
5.15         0.03237          0.3996
5.15         0.03907          0.3907
5.15         0.04715          0.3838
5.15          0.0569          0.3783
5.15         0.06866           0.373
5.15         0.08286          0.3687
5.15             0.1           0.364
5.15           0.101          0.3638
5.15          0.1191            0.36
5.15          0.1373          0.3571
5.15          0.1554          0.3533
5.15          0.1736          0.3494
5.15          0.1917          0.3439
5.15          0.2099           0.337
5.15           0.228           0.329
5.15          0.2461          0.3204
5.15          0.2643          0.3109
5.15          0.2824          0.3006
5.15          0.3006          0.2893
5.15          0.3187           0.277
5.15          0.3369          0.2646
5.15           0.355          0.2523
5.15          0.3731          0.2398
5.15          0.3913          0.2273
5.15          0.4094          0.2143
5.15          0.4276          0.2013
5.15          0.4457          0.1883
5.15          0.4639          0.1752
5.15           0.482          0.1628
5.15          0.5001          0.1502
5.15          0.5183          0.1384
5.15          0.5364          0.1268
5.15          0.5546          0.1156
5.15          0.5727          0.1055
5.15          0.5909         0.09614
5.15           0.609         0.08694
5.15          0.6271         0.07852
5.15          0.6453         0.06886
5.15          0.6634         0.06434
5.15          0.6816         0.05511
5.15          0.6997         0.04758
5.15          0.7179         0.04209
5.15           0.736         0.03674
5.15          0.7541         0.03164
5.15          0.7723          0.0272
5.15          0.7904         0.02355
5.15          0.8086         0.02027
5.15          0.8267         0.01725
5.15          0.8449         0.01461
5.15           0.863         0.01236
5.15          0.8811          0.0105
5.15          0.8993        0.008942
5.15          0.9174        0.007591
5.15          0.9356        0.006392
5.15          0.9537        0.005351
5.15          0.9719        0.004439
5.15            0.99        0.003645
8.15       0.0004292           1.253
8.15       0.0005179           1.121
8.15       0.0006251           1.023
8.15       0.0007543          0.9497
8.15       0.0009103          0.8923
8.15        0.001099          0.8453
8.15        0.001326          0.8049
8.15          0.0016          0.7688
8.15        0.001931          0.7359
8.15         0.00233          0.7053
8.15        0.002812          0.6767
8.15        0.003393          0.6497
8.15        0.004095          0.6241
8.15        0.004942          0.5998
8.15        0.005964          0.5767
8.15        0.007197          0.5549
8.15        0.008685          0.5342
8.15         0.01048          0.5145
8.15         0.01265          0.4962
8.15         0.01526          0.4795
8.15         0.01842          0.4641
8.15         0.02223          0.4501
8.15         0.02683           0.437
8.15         0.03237          0.4244
8.15         0.03907          0.4124
8.15         0.04715          0.4023
8.15          0.0569          0.3935
8.15         0.06866          0.3852
8.15         0.08286          0.3781
8.15             0.1          0.3709
8.15           0.101          0.3705
8.15          0.1191          0.3643
8.15          0.1373          0.3593
8.15          0.1554          0.3537
8.15          0.1736           0.348
8.15          0.1917          0.3408
8.15          0.2099          0.3325
8.15           0.228          0.3233
8.15          0.2461          0.3135
8.15          0.2643          0.3029
8.15          0.2824          0.2916
8.15          0.3006          0.2794
8.15          0.3187          0.2666
8.15          0.3369          0.2536
8.15           0.355           0.241
8.15          0.3731          0.2279
8.15          0.3913           0.215
8.15          0.4094          0.2016
8.15          0.4276          0.1884
8.15          0.4457          0.1751
8.15          0.4639          0.1622
8.15           0.482          0.1495
8.15          0.5001          0.1371
8.15          0.5183          0.1254
8.15          0.5364          0.1139
8.15          0.5546          0.1033
8.15          0.5727         0.09359
8.15          0.5909         0.08412
8.15           0.609         0.07562
8.15          0.6271         0.06589
8.15          0.6453         0.06086
8.15          0.6634         0.05187
8.15          0.6816         0.04432
8.15          0.6997         0.03857
8.15          0.7179         0.03318
8.15           0.736         0.02805
8.15          0.7541         0.02387
8.15          0.7723         0.02029
8.15          0.7904         0.01703
8.15          0.8086         0.01418
8.15          0.8267         0.01177
8.15          0.8449        0.009806
8.15           0.863        0.008168
8.15          0.8811        0.006748
8.15          0.8993        0.005522
8.15          0.9174        0.004467
8.15          0.9356        0.003564
8.15          0.9537        0.002799
8.15          0.9719         0.00216
8.15            0.99        0.001657
12.90       0.0007543           1.118
12.90       0.0009103           1.046
12.90        0.001099          0.9855
12.90        0.001326          0.9337
12.90          0.0016          0.8877
12.90        0.001931          0.8459
12.90         0.00233          0.8071
12.90        0.002812          0.7709
12.90        0.003393          0.7366
12.90        0.004095          0.7042
12.90        0.004942          0.6734
12.90        0.005964          0.6442
12.90        0.007197          0.6166
12.90        0.008685          0.5903
12.90         0.01048          0.5655
12.90         0.01265          0.5423
12.90         0.01526           0.521
12.90         0.01842          0.5012
12.90         0.02223          0.4829
12.90         0.02683          0.4658
12.90         0.03237          0.4494
12.90         0.03907           0.434
12.90         0.04715          0.4205
12.90          0.0569          0.4084
12.90         0.06866           0.397
12.90         0.08286          0.3869
12.90             0.1          0.3768
12.90           0.101          0.3763
12.90          0.1191          0.3677
12.90          0.1373          0.3605
12.90          0.1554          0.3531
12.90          0.1736          0.3456
12.90          0.1917           0.337
12.90          0.2099          0.3274
12.90           0.228           0.317
12.90          0.2461          0.3062
12.90          0.2643          0.2946
12.90          0.2824          0.2824
12.90          0.3006          0.2696
12.90          0.3187          0.2563
12.90          0.3369          0.2429
12.90           0.355          0.2299
12.90          0.3731          0.2164
12.90          0.3913          0.2032
12.90          0.4094          0.1896
12.90          0.4276          0.1763
12.90          0.4457           0.163
12.90          0.4639          0.1503
12.90           0.482          0.1376
12.90          0.5001          0.1256
12.90          0.5183          0.1141
12.90          0.5364           0.103
12.90          0.5546         0.09286
12.90          0.5727         0.08335
12.90          0.5909          0.0744
12.90           0.609         0.06577
12.90          0.6271          0.0578
12.90          0.6453         0.05136
12.90          0.6634         0.04296
12.90          0.6816         0.03715
12.90          0.6997         0.03167
12.90          0.7179         0.02662
12.90           0.736         0.02237
12.90          0.7541         0.01879
12.90          0.7723         0.01557
12.90          0.7904         0.01279
12.90          0.8086         0.01048
12.90          0.8267        0.008588
12.90          0.8449        0.007025
12.90           0.863        0.005671
12.90          0.8811        0.004521
12.90          0.8993        0.003546
12.90          0.9174        0.002728
12.90          0.9356        0.002052
12.90          0.9537        0.001525
12.90          0.9719        0.001101
12.90            0.99       0.0007437
20.50        0.001099            1.09
20.50        0.001326           1.043
20.50          0.0016          0.9972
20.50        0.001931           0.952
20.50         0.00233          0.9081
20.50        0.002812          0.8657
20.50        0.003393          0.8249
20.50        0.004095          0.7858
20.50        0.004942          0.7486
20.50        0.005964          0.7131
20.50        0.007197          0.6794
20.50        0.008685          0.6473
20.50         0.01048           0.617
20.50         0.01265          0.5887
20.50         0.01526          0.5624
20.50         0.01842           0.538
20.50         0.02223          0.5154
20.50         0.02683          0.4942
20.50         0.03237          0.4739
20.50         0.03907          0.4551
20.50         0.04715          0.4381
20.50          0.0569          0.4226
20.50         0.06866           0.408
20.50         0.08286          0.3949
20.50             0.1           0.382
20.50           0.101          0.3814
20.50          0.1191          0.3705
20.50          0.1373          0.3612
20.50          0.1554           0.352
20.50          0.1736          0.3429
20.50          0.1917          0.3329
20.50          0.2099          0.3221
20.50           0.228          0.3107
20.50          0.2461          0.2988
20.50          0.2643          0.2865
20.50          0.2824          0.2735
20.50          0.3006          0.2601
20.50          0.3187          0.2465
20.50          0.3369          0.2327
20.50           0.355          0.2193
20.50          0.3731          0.2057
20.50          0.3913          0.1922
20.50          0.4094          0.1786
20.50          0.4276          0.1653
20.50          0.4457          0.1522
20.50          0.4639          0.1396
20.50           0.482          0.1272
20.50          0.5001          0.1155
20.50          0.5183          0.1043
20.50          0.5364         0.09365
20.50          0.5546         0.08398
20.50          0.5727         0.07476
20.50          0.5909         0.06631
20.50           0.609         0.05735
20.50          0.6271         0.05107
20.50          0.6453         0.04374
20.50          0.6634           0.037
20.50          0.6816         0.03155
20.50          0.6997         0.02653
20.50          0.7179         0.02206
20.50           0.736          0.0184
20.50          0.7541         0.01518
20.50          0.7723         0.01238
20.50          0.7904         0.01004
20.50          0.8086        0.008137
20.50          0.8267        0.006572
20.50          0.8449        0.005239
20.50           0.863        0.004117
20.50          0.8811        0.003173
20.50          0.8993        0.002395
20.50          0.9174         0.00176
20.50          0.9356        0.001271
20.50          0.9537       0.0008793
20.50          0.9719       0.0005595
20.50            0.99       0.0003179
51.50        0.002812          0.9657
51.50        0.003393          0.9462
51.50        0.004095          0.9156
51.50        0.004942          0.8779
51.50        0.005964          0.8369
51.50        0.007197          0.7949
51.50        0.008685          0.7534
51.50         0.01048          0.7133
51.50         0.01265          0.6752
51.50         0.01526          0.6395
51.50         0.01842          0.6061
51.50         0.02223          0.5749
51.50         0.02683          0.5456
51.50         0.03237          0.5179
51.50         0.03907          0.4922
51.50         0.04715          0.4685
51.50          0.0569          0.4467
51.50         0.06866          0.4262
51.50         0.08286          0.4075
51.50             0.1          0.3896
51.50           0.101          0.3887
51.50          0.1191          0.3736
51.50          0.1373          0.3607
51.50          0.1554          0.3484
51.50          0.1736          0.3365
51.50          0.1917           0.324
51.50          0.2099          0.3112
51.50           0.228           0.298
51.50          0.2461          0.2846
51.50          0.2643          0.2709
51.50          0.2824          0.2569
51.50          0.3006          0.2426
51.50          0.3187          0.2284
51.50          0.3369          0.2142
51.50           0.355          0.2004
51.50          0.3731          0.1866
51.50          0.3913           0.173
51.50          0.4094          0.1596
51.50          0.4276          0.1465
51.50          0.4457          0.1339
51.50          0.4639          0.1217
51.50           0.482            0.11
51.50          0.5001         0.09906
51.50          0.5183          0.0886
51.50          0.5364         0.07895
51.50          0.5546         0.07006
51.50          0.5727         0.06169
51.50          0.5909         0.05396
51.50           0.609         0.04682
51.50          0.6271         0.04034
51.50          0.6453         0.03455
51.50          0.6634         0.02931
51.50          0.6816          0.0245
51.50          0.6997          0.0202
51.50          0.7179         0.01663
51.50           0.736          0.0136
51.50          0.7541         0.01097
51.50          0.7723        0.008782
51.50          0.7904        0.007007
51.50          0.8086        0.005559
51.50          0.8267        0.004352
51.50          0.8449        0.003346
51.50           0.863        0.002518
51.50          0.8811        0.001845
51.50          0.8993        0.001313
51.50          0.9174       0.0009082
51.50          0.9356       0.0005906
51.50          0.9537       0.0003457
51.50          0.9719       0.0001747
51.50            0.99       6.614e-05
129.20        0.007197          0.8253
129.20        0.008685          0.8065
129.20         0.01048          0.7765
129.20         0.01265          0.7403
129.20         0.01526          0.7017
129.20         0.01842          0.6631
129.20         0.02223          0.6255
129.20         0.02683          0.5895
129.20         0.03237          0.5553
129.20         0.03907          0.5233
129.20         0.04715          0.4936
129.20          0.0569          0.4661
129.20         0.06866          0.4404
129.20         0.08286          0.4168
129.20             0.1          0.3945
129.20           0.101          0.3934
129.20          0.1191          0.3747
129.20          0.1373          0.3587
129.20          0.1554          0.3439
129.20          0.1736          0.3297
129.20          0.1917          0.3153
129.20          0.2099          0.3009
129.20           0.228          0.2864
129.20          0.2461          0.2719
129.20          0.2643          0.2573
129.20          0.2824          0.2425
129.20          0.3006          0.2277
129.20          0.3187          0.2132
129.20          0.3369          0.1988
129.20           0.355          0.1849
129.20          0.3731          0.1712
129.20          0.3913          0.1577
129.20          0.4094          0.1446
129.20          0.4276          0.1319
129.20          0.4457          0.1198
129.20          0.4639          0.1082
129.20           0.482         0.09721
129.20          0.5001         0.08693
129.20          0.5183         0.07724
129.20          0.5364         0.06837
129.20          0.5546         0.06019
129.20          0.5727         0.05258
129.20          0.5909         0.04562
129.20           0.609         0.03923
129.20          0.6271         0.03353
129.20          0.6453         0.02845
129.20          0.6634         0.02385
129.20          0.6816         0.01973
129.20          0.6997         0.01612
129.20          0.7179         0.01316
129.20           0.736         0.01063
129.20          0.7541        0.008482
129.20          0.7723         0.00672
129.20          0.7904        0.005301
129.20          0.8086        0.004143
129.20          0.8267        0.003181
129.20          0.8449        0.002392
129.20           0.863        0.001754
129.20          0.8811        0.001248
129.20          0.8993       0.0008598
129.20          0.9174       0.0005664
129.20          0.9356       0.0003404
129.20          0.9537       0.0001788
129.20          0.9719        7.58e-05
129.20            0.99       1.993e-05
514.50         0.02683          0.6012
514.50         0.03237          0.5806
514.50         0.03907          0.5532
514.50         0.04715          0.5222
514.50          0.0569          0.4905
514.50         0.06866          0.4594
514.50         0.08286            0.43
514.50             0.1           0.402
514.50           0.101          0.4006
514.50          0.1191          0.3772
514.50          0.1373          0.3571
514.50          0.1554           0.339
514.50          0.1736          0.3218
514.50          0.1917          0.3051
514.50          0.2099          0.2886
514.50           0.228          0.2724
514.50          0.2461          0.2565
514.50          0.2643          0.2408
514.50          0.2824          0.2252
514.50          0.3006          0.2099
514.50          0.3187           0.195
514.50          0.3369          0.1805
514.50           0.355          0.1665
514.50          0.3731          0.1529
514.50          0.3913          0.1398
514.50          0.4094          0.1272
514.50          0.4276          0.1151
514.50          0.4457          0.1037
514.50          0.4639         0.09289
514.50           0.482         0.08281
514.50          0.5001         0.07343
514.50          0.5183         0.06473
514.50          0.5364         0.05681
514.50          0.5546         0.04955
514.50          0.5727         0.04289
514.50          0.5909         0.03685
514.50           0.609         0.03138
514.50          0.6271         0.02658
514.50          0.6453         0.02229
514.50          0.6634         0.01847
514.50          0.6816         0.01512
514.50          0.6997         0.01226
514.50          0.7179          0.0099
514.50           0.736        0.007906
514.50          0.7541        0.006245
514.50          0.7723        0.004897
514.50          0.7904        0.003814
514.50          0.8086        0.002933
514.50          0.8267        0.002211
514.50          0.8449        0.001629
514.50           0.863        0.001167
514.50          0.8811       0.0008087
514.50          0.8993       0.0005401
514.50          0.9174       0.0003391
514.50          0.9356       0.0001911
514.50          0.9537       9.163e-05
514.50          0.9719       3.326e-05
514.50            0.99       5.522e-06
