2.05       0.0001292       1.627e+11       1.539e+11           1.057
2.05       0.0002048       1.152e+11       1.217e+11          0.9466
2.05       0.0003246       7.981e+10       8.406e+10          0.9494
2.05       0.0005145        5.26e+10        5.54e+10          0.9494
2.05       0.0008155       3.344e+10       3.523e+10          0.9493
2.05        0.001292       2.072e+10       2.185e+10          0.9486
2.05        0.002048       1.264e+10       1.334e+10          0.9479
2.05        0.003246       7.665e+09       8.091e+09          0.9473
2.05        0.005145        4.64e+09       4.903e+09          0.9464
2.05        0.008155       2.817e+09        2.98e+09          0.9452
2.05         0.01292       1.716e+09       1.819e+09          0.9431
2.05         0.02048       1.063e+09       1.129e+09          0.9417
2.05         0.03246       6.687e+08       7.101e+08          0.9417
2.05         0.05145       4.168e+08       4.442e+08          0.9385
2.05         0.08155        2.63e+08       2.805e+08          0.9376
2.05          0.1292       1.667e+08       1.752e+08           0.952
2.05          0.2048       1.042e+08        2.84e+07           3.668
5.15       0.0003246       1.268e+10       1.213e+10           1.045
5.15       0.0005145       9.296e+09       9.866e+09          0.9422
5.15       0.0008155       6.454e+09       6.836e+09          0.9442
5.15        0.001292       4.207e+09        4.46e+09          0.9434
5.15        0.002048       2.625e+09       2.786e+09          0.9422
5.15        0.003246       1.595e+09       1.695e+09          0.9409
5.15        0.005145       9.541e+08       1.015e+09          0.9396
5.15        0.008155       5.664e+08       6.035e+08          0.9384
5.15         0.01292       3.354e+08       3.579e+08           0.937
5.15         0.02048           2e+08       2.136e+08           0.936
5.15         0.03246       1.201e+08       1.284e+08          0.9353
5.15         0.05145       7.255e+07       7.765e+07          0.9343
5.15         0.08155        4.44e+07       4.756e+07          0.9337
5.15          0.1292       2.724e+07        2.92e+07          0.9328
5.15          0.2048       1.627e+07       1.747e+07          0.9314
5.15          0.3246       8.274e+06        6.71e+06           1.233
5.15          0.5145       2.691e+06       1.007e+04           267.1
8.15       0.0005145       3.436e+09       3.284e+09           1.046
8.15       0.0008155       2.532e+09       2.694e+09            0.94
8.15        0.001292       1.745e+09       1.854e+09          0.9415
8.15        0.002048       1.126e+09       1.197e+09          0.9408
8.15        0.003246       6.949e+08       7.397e+08          0.9395
8.15        0.005145       4.175e+08        4.45e+08          0.9383
8.15        0.008155        2.47e+08       2.636e+08          0.9371
8.15         0.01292       1.451e+08       1.551e+08          0.9357
8.15         0.02048       8.549e+07       9.144e+07          0.9349
8.15         0.03246       5.056e+07       5.413e+07           0.934
8.15         0.05145       3.008e+07       3.223e+07          0.9333
8.15         0.08155       1.811e+07       1.942e+07          0.9324
8.15          0.1292       1.093e+07       1.173e+07          0.9315
8.15          0.2048       6.393e+06       6.875e+06          0.9299
8.15          0.3246       3.164e+06       3.448e+06          0.9176
8.15          0.5145       9.728e+05       4.659e+05           2.088
12.92       0.0008155        9.09e+08       8.762e+08           1.037
12.92        0.001292        6.68e+08       7.126e+08          0.9374
12.92        0.002048       4.561e+08       4.858e+08          0.9388
12.92        0.003246       2.912e+08       3.104e+08           0.938
12.92        0.005145       1.778e+08       1.898e+08          0.9368
12.92        0.008155       1.057e+08        1.13e+08          0.9356
12.92         0.01292       6.194e+07        6.63e+07          0.9343
12.92         0.02048        3.62e+07       3.878e+07          0.9335
12.92         0.03246       2.116e+07       2.269e+07          0.9324
12.92         0.05145       1.242e+07       1.333e+07          0.9319
12.92         0.08155       7.358e+06       7.902e+06          0.9311
12.92          0.1292       4.367e+06       4.695e+06          0.9302
12.92          0.2048       2.506e+06       2.699e+06          0.9283
12.92          0.3246       1.208e+06        1.32e+06          0.9155
12.92          0.5145       3.525e+05       3.608e+05          0.9768
12.92          0.8155       1.856e+04           20.29           914.4
20.48        0.001292       2.341e+08       1.156e+08           2.025
20.48        0.002048       1.707e+08       1.826e+08          0.9351
20.48        0.003246       1.154e+08       1.233e+08          0.9363
20.48        0.005145       7.292e+07       7.793e+07          0.9356
20.48        0.008155       4.407e+07       4.716e+07          0.9345
20.48         0.01292       2.595e+07       2.781e+07          0.9332
20.48         0.02048       1.513e+07       1.623e+07          0.9324
20.48         0.03246       8.775e+06       9.422e+06          0.9313
20.48         0.05145       5.096e+06       5.475e+06          0.9308
20.48         0.08155       2.977e+06       3.201e+06          0.9299
20.48          0.1292       1.741e+06       1.874e+06          0.9293
20.48          0.2048       9.807e+05       1.058e+06          0.9272
20.48          0.3246       4.614e+05       5.049e+05          0.9139
20.48          0.5145       1.284e+05       1.509e+05          0.8506
20.48          0.8155            5710            5140           1.111
51.45        0.003246       1.433e+07       1.394e+07           1.027
51.45        0.005145        1.02e+07       1.097e+07          0.9298
51.45        0.008155       6.746e+06       7.241e+06          0.9316
51.45         0.01292       4.178e+06       4.489e+06          0.9308
51.45         0.02048       2.489e+06       2.676e+06            0.93
51.45         0.03246       1.448e+06       1.559e+06           0.929
51.45         0.05145       8.333e+05       8.976e+05          0.9283
51.45         0.08155       4.782e+05       5.155e+05          0.9276
51.45          0.1292       2.734e+05       2.948e+05          0.9272
51.45          0.2048       1.493e+05       1.615e+05          0.9249
51.45          0.3246       6.729e+04       7.391e+04          0.9104
51.45          0.5145       1.727e+04       2.058e+04          0.8391
51.45          0.8155           610.9            1390          0.4397
129.25        0.008155       7.951e+05       7.765e+05           1.024
129.25         0.01292       5.497e+05        5.94e+05          0.9255
129.25         0.02048       3.571e+05        3.85e+05          0.9275
129.25         0.03246       2.182e+05       2.354e+05          0.9271
129.25         0.05145       1.284e+05       1.385e+05          0.9265
129.25         0.08155       7.395e+04       7.987e+04          0.9259
129.25          0.1292       4.195e+04       4.533e+04          0.9255
129.25          0.2048       2.249e+04       2.437e+04           0.923
129.25          0.3246            9816       1.082e+04          0.9075
129.25          0.5145            2370            2855          0.8302
129.25          0.8155           71.24           180.7          0.3943
514.53         0.03246            9106            8895           1.024
514.53         0.05145            6034            6547          0.9216
514.53         0.08155            3820            4134          0.9238
514.53          0.1292            2281            2468          0.9242
514.53          0.2048            1241            1347          0.9214
514.53          0.3246           532.2           588.4          0.9046
514.53          0.5145           120.9           147.4            0.82
514.53          0.8155           3.087           8.413          0.3669
