2.05        0.001099           1.168
2.05        0.001326          0.9037
2.05          0.0016          0.7242
2.05        0.001931          0.6073
2.05         0.00233          0.5313
2.05        0.002812          0.4805
2.05        0.003393          0.4454
2.05        0.004095            0.42
2.05        0.004942           0.401
2.05        0.005964          0.3862
2.05        0.007197          0.3745
2.05        0.008685          0.3651
2.05         0.01048          0.3575
2.05         0.01265          0.3517
2.05         0.01526          0.3468
2.05         0.01842          0.3378
2.05         0.02223          0.3428
2.05         0.02683          0.3492
2.05         0.03237          0.3486
2.05         0.03907          0.3481
2.05         0.04715           0.348
2.05          0.0569          0.3481
2.05         0.06866          0.3482
2.05         0.08286          0.3486
2.05             0.1          0.3492
2.05           0.101          0.3493
2.05          0.1191          0.3499
2.05          0.1373          0.3503
2.05          0.1554          0.3504
2.05          0.1736          0.3498
2.05          0.1917          0.3484
2.05          0.2099          0.3462
2.05           0.228          0.3427
2.05          0.2461          0.3394
2.05          0.2643          0.3339
2.05          0.2824          0.3273
2.05          0.3006          0.3198
2.05          0.3187          0.3115
2.05          0.3369          0.3023
2.05           0.355          0.2923
2.05          0.3731          0.2817
2.05          0.3913          0.2704
2.05          0.4094          0.2587
2.05          0.4276          0.2465
2.05          0.4457          0.2339
2.05          0.4639          0.2211
2.05           0.482          0.2081
2.05          0.5001           0.195
2.05          0.5183          0.1819
2.05          0.5364          0.1688
2.05          0.5546          0.1559
2.05          0.5727          0.1433
2.05          0.5909          0.1309
2.05           0.609          0.1188
2.05          0.6271          0.1072
2.05          0.6453         0.09608
2.05          0.6634         0.08545
2.05          0.6816         0.07538
2.05          0.6997          0.0659
2.05          0.7179         0.05705
2.05           0.736         0.04884
2.05          0.7541          0.0413
2.05          0.7723         0.03442
2.05          0.7904         0.02823
2.05          0.8086         0.02271
2.05          0.8267         0.01784
2.05          0.8449         0.01364
2.05           0.863         0.01007
2.05          0.8811        0.007106
2.05          0.8993        0.004725
2.05          0.9174        0.002889
2.05          0.9356        0.001558
2.05          0.9537       0.0006788
2.05          0.9719        0.000192
2.05            0.99       1.345e-05
5.15        0.002812          0.8387
5.15        0.003393          0.7242
5.15        0.004095          0.6435
5.15        0.004942          0.5871
5.15        0.005964          0.5466
5.15        0.007197          0.5162
5.15        0.008685          0.4924
5.15         0.01048          0.4729
5.15         0.01265          0.4566
5.15         0.01526          0.4426
5.15         0.01842          0.4304
5.15         0.02223          0.4197
5.15         0.02683          0.4102
5.15         0.03237          0.4016
5.15         0.03907          0.3932
5.15         0.04715           0.389
5.15          0.0569          0.3834
5.15         0.06866          0.3783
5.15         0.08286          0.3736
5.15             0.1           0.369
5.15           0.101          0.3687
5.15          0.1191          0.3648
5.15          0.1373          0.3609
5.15          0.1554          0.3568
5.15          0.1736           0.352
5.15          0.1917          0.3464
5.15          0.2099          0.3399
5.15           0.228          0.3324
5.15          0.2461           0.324
5.15          0.2643          0.3147
5.15          0.2824          0.3047
5.15          0.3006          0.2938
5.15          0.3187          0.2824
5.15          0.3369          0.2704
5.15           0.355          0.2579
5.15          0.3731          0.2451
5.15          0.3913           0.232
5.15          0.4094           0.219
5.15          0.4276          0.2058
5.15          0.4457          0.1925
5.15          0.4639          0.1792
5.15           0.482          0.1662
5.15          0.5001          0.1534
5.15          0.5183           0.141
5.15          0.5364          0.1288
5.15          0.5546          0.1171
5.15          0.5727          0.1058
5.15          0.5909         0.09502
5.15           0.609         0.08482
5.15          0.6271         0.07519
5.15          0.6453         0.06617
5.15          0.6634         0.05777
5.15          0.6816            0.05
5.15          0.6997         0.04286
5.15          0.7179         0.03635
5.15           0.736         0.03046
5.15          0.7541         0.02519
5.15          0.7723         0.02051
5.15          0.7904         0.01641
5.15          0.8086         0.01287
5.15          0.8267        0.009827
5.15          0.8449        0.007287
5.15           0.863        0.005204
5.15          0.8811        0.003541
5.15          0.8993        0.002259
5.15          0.9174        0.001317
5.15          0.9356       0.0006698
5.15          0.9537       0.0002713
5.15          0.9719       6.915e-05
5.15            0.99        3.91e-06
8.15        0.004095          0.7804
8.15        0.004942          0.7002
8.15        0.005964          0.6395
8.15        0.007197          0.5942
8.15        0.008685          0.5595
8.15         0.01048          0.5317
8.15         0.01265          0.5088
8.15         0.01526          0.4891
8.15         0.01842           0.472
8.15         0.02223          0.4566
8.15         0.02683          0.4428
8.15         0.03237          0.4302
8.15         0.03907          0.4185
8.15         0.04715          0.4078
8.15          0.0569          0.3979
8.15         0.06866           0.389
8.15         0.08286          0.3825
8.15             0.1          0.3762
8.15           0.101          0.3759
8.15          0.1191          0.3692
8.15          0.1373          0.3631
8.15          0.1554           0.357
8.15          0.1736          0.3503
8.15          0.1917           0.343
8.15          0.2099          0.3348
8.15           0.228          0.3258
8.15          0.2461           0.316
8.15          0.2643          0.3054
8.15          0.2824          0.2941
8.15          0.3006          0.2822
8.15          0.3187          0.2698
8.15          0.3369           0.257
8.15           0.355          0.2438
8.15          0.3731          0.2305
8.15          0.3913           0.217
8.15          0.4094          0.2035
8.15          0.4276            0.19
8.15          0.4457          0.1767
8.15          0.4639          0.1636
8.15           0.482          0.1508
8.15          0.5001          0.1383
8.15          0.5183          0.1263
8.15          0.5364          0.1146
8.15          0.5546          0.1037
8.15          0.5727         0.09334
8.15          0.5909         0.08332
8.15           0.609         0.07388
8.15          0.6271         0.06506
8.15          0.6453         0.05684
8.15          0.6634         0.04927
8.15          0.6816         0.04233
8.15          0.6997         0.03601
8.15          0.7179          0.0303
8.15           0.736         0.02518
8.15          0.7541         0.02064
8.15          0.7723         0.01666
8.15          0.7904          0.0132
8.15          0.8086         0.01024
8.15          0.8267        0.007735
8.15          0.8449        0.005667
8.15           0.863        0.003994
8.15          0.8811        0.002678
8.15          0.8993         0.00168
8.15          0.9174       0.0009605
8.15          0.9356       0.0004773
8.15          0.9537       0.0001876
8.15          0.9719       4.584e-05
8.15            0.99       2.377e-06
12.90        0.007197          0.6653
12.90        0.008685          0.6233
12.90         0.01048          0.5887
12.90         0.01265          0.5596
12.90         0.01526          0.5344
12.90         0.01842          0.5123
12.90         0.02223          0.4923
12.90         0.02683          0.4742
12.90         0.03237          0.4574
12.90         0.03907          0.4419
12.90         0.04715          0.4276
12.90          0.0569          0.4143
12.90         0.06866          0.4021
12.90         0.08286          0.3909
12.90             0.1          0.3805
12.90           0.101            0.38
12.90          0.1191          0.3715
12.90          0.1373          0.3642
12.90          0.1554          0.3565
12.90          0.1736          0.3481
12.90          0.1917          0.3392
12.90          0.2099          0.3295
12.90           0.228          0.3192
12.90          0.2461          0.3082
12.90          0.2643          0.2965
12.90          0.2824          0.2842
12.90          0.3006          0.2715
12.90          0.3187          0.2584
12.90          0.3369          0.2449
12.90           0.355          0.2313
12.90          0.3731          0.2176
12.90          0.3913          0.2039
12.90          0.4094          0.1903
12.90          0.4276          0.1768
12.90          0.4457          0.1636
12.90          0.4639          0.1507
12.90           0.482          0.1382
12.90          0.5001          0.1261
12.90          0.5183          0.1145
12.90          0.5364          0.1034
12.90          0.5546         0.09286
12.90          0.5727          0.0829
12.90          0.5909         0.07356
12.90           0.609         0.06484
12.90          0.6271         0.05675
12.90          0.6453         0.04953
12.90          0.6634         0.04264
12.90          0.6816          0.0364
12.90          0.6997         0.03075
12.90          0.7179         0.02575
12.90           0.736         0.02125
12.90          0.7541         0.01729
12.90          0.7723         0.01383
12.90          0.7904         0.01087
12.90          0.8086        0.008356
12.90          0.8267        0.006248
12.90          0.8449        0.004529
12.90           0.863        0.003154
12.90          0.8811        0.002087
12.90          0.8993         0.00129
12.90          0.9174       0.0007247
12.90          0.9356       0.0003526
12.90          0.9537       0.0001349
12.90          0.9719       3.171e-05
12.90            0.99       1.519e-06
20.50         0.01048          0.6232
20.50         0.01265          0.5972
20.50         0.01526          0.5719
20.50         0.01842          0.5477
20.50         0.02223          0.5248
20.50         0.02683          0.5032
20.50         0.03237          0.4828
20.50         0.03907          0.4638
20.50         0.04715           0.446
20.50          0.0569          0.4294
20.50         0.06866          0.4141
20.50         0.08286          0.4001
20.50             0.1           0.387
20.50           0.101          0.3863
20.50          0.1191          0.3749
20.50          0.1373          0.3646
20.50          0.1554           0.355
20.50          0.1736          0.3451
20.50          0.1917          0.3348
20.50          0.2099          0.3243
20.50           0.228          0.3127
20.50          0.2461          0.3006
20.50          0.2643           0.288
20.50          0.2824           0.275
20.50          0.3006          0.2616
20.50          0.3187          0.2479
20.50          0.3369           0.234
20.50           0.355          0.2201
20.50          0.3731          0.2062
20.50          0.3913          0.1924
20.50          0.4094          0.1788
20.50          0.4276          0.1654
20.50          0.4457          0.1524
20.50          0.4639          0.1398
20.50           0.482          0.1276
20.50          0.5001          0.1159
20.50          0.5183          0.1047
20.50          0.5364         0.09415
20.50          0.5546         0.08412
20.50          0.5727         0.07474
20.50          0.5909         0.06599
20.50           0.609         0.05786
20.50          0.6271         0.05037
20.50          0.6453          0.0435
20.50          0.6634         0.03725
20.50          0.6816          0.0316
20.50          0.6997         0.02654
20.50          0.7179         0.02208
20.50           0.736         0.01809
20.50          0.7541         0.01461
20.50          0.7723         0.01164
20.50          0.7904        0.009119
20.50          0.8086        0.006951
20.50          0.8267        0.005151
20.50          0.8449        0.003696
20.50           0.863        0.002547
20.50          0.8811        0.001665
20.50          0.8993        0.001016
20.50          0.9174       0.0005615
20.50          0.9356        0.000268
20.50          0.9537          0.0001
20.50          0.9719       2.269e-05
20.50            0.99       1.013e-06
51.50         0.02683          0.5231
51.50         0.03237          0.5097
51.50         0.03907          0.4921
51.50         0.04715          0.4724
51.50          0.0569          0.4521
51.50         0.06866          0.4324
51.50         0.08286          0.4136
51.50             0.1          0.3956
51.50           0.101          0.3947
51.50          0.1191          0.3791
51.50          0.1373          0.3653
51.50          0.1554          0.3523
51.50          0.1736          0.3395
51.50          0.1917          0.3267
51.50          0.2099          0.3136
51.50           0.228          0.3002
51.50          0.2461          0.2865
51.50          0.2643          0.2725
51.50          0.2824          0.2583
51.50          0.3006           0.244
51.50          0.3187          0.2296
51.50          0.3369          0.2152
51.50           0.355          0.2011
51.50          0.3731          0.1872
51.50          0.3913          0.1734
51.50          0.4094            0.16
51.50          0.4276           0.147
51.50          0.4457          0.1344
51.50          0.4639          0.1224
51.50           0.482          0.1109
51.50          0.5001         0.09997
51.50          0.5183         0.08968
51.50          0.5364            0.08
51.50          0.5546          0.0709
51.50          0.5727         0.06249
51.50          0.5909         0.05472
51.50           0.609         0.04757
51.50          0.6271         0.04105
51.50          0.6453         0.03514
51.50          0.6634         0.02981
51.50          0.6816         0.02505
51.50          0.6997         0.02082
51.50          0.7179         0.01711
51.50           0.736         0.01387
51.50          0.7541         0.01107
51.50          0.7723        0.008689
51.50          0.7904        0.006684
51.50          0.8086        0.005027
51.50          0.8267        0.003669
51.50          0.8449         0.00259
51.50           0.863        0.001753
51.50          0.8811        0.001135
51.50          0.8993       0.0006767
51.50          0.9174       0.0003642
51.50          0.9356       0.0001683
51.50          0.9537        6.02e-05
51.50          0.9719       1.285e-05
51.50            0.99       5.066e-07
129.20         0.06866          0.4304
129.20         0.08286          0.4159
129.20             0.1          0.3984
129.20           0.101          0.3974
129.20          0.1191          0.3801
129.20          0.1373          0.3642
129.20          0.1554          0.3489
129.20          0.1736          0.3341
129.20          0.1917          0.3194
129.20          0.2099          0.3046
129.20           0.228          0.2898
129.20          0.2461          0.2748
129.20          0.2643          0.2598
129.20          0.2824          0.2448
129.20          0.3006          0.2298
129.20          0.3187           0.215
129.20          0.3369          0.2003
129.20           0.355           0.186
129.20          0.3731           0.172
129.20          0.3913          0.1584
129.20          0.4094          0.1452
129.20          0.4276          0.1326
129.20          0.4457          0.1205
129.20          0.4639           0.109
129.20           0.482         0.09817
129.20          0.5001         0.08793
129.20          0.5183         0.07836
129.20          0.5364         0.06946
129.20          0.5546         0.06113
129.20          0.5727         0.05364
129.20          0.5909         0.04665
129.20           0.609         0.04028
129.20          0.6271          0.0345
129.20          0.6453         0.02931
129.20          0.6634         0.02468
129.20          0.6816         0.02058
129.20          0.6997         0.01696
129.20          0.7179         0.01381
129.20           0.736          0.0111
129.20          0.7541        0.008774
129.20          0.7723        0.006815
129.20          0.7904        0.005186
129.20          0.8086        0.003855
129.20          0.8267        0.002777
129.20          0.8449        0.001934
129.20           0.863        0.001288
129.20          0.8811       0.0008113
129.20          0.8993       0.0004738
129.20          0.9174        0.000249
129.20          0.9356       0.0001117
129.20          0.9537       3.906e-05
129.20          0.9719       7.907e-06
129.20            0.99       2.804e-07
514.50          0.2643          0.2521
514.50          0.2824          0.2365
514.50          0.3006          0.2208
514.50          0.3187          0.2052
514.50          0.3369          0.1898
514.50           0.355          0.1749
514.50          0.3731          0.1604
514.50          0.3913          0.1465
514.50          0.4094          0.1332
514.50          0.4276          0.1205
514.50          0.4457          0.1086
514.50          0.4639         0.09738
514.50           0.482          0.0869
514.50          0.5001         0.07714
514.50          0.5183         0.06812
514.50          0.5364         0.05984
514.50          0.5546         0.05217
514.50          0.5727         0.04524
514.50          0.5909         0.03896
514.50           0.609          0.0333
514.50          0.6271         0.02824
514.50          0.6453         0.02375
514.50          0.6634         0.01978
514.50          0.6816         0.01631
514.50          0.6997         0.01329
514.50          0.7179         0.01069
514.50           0.736        0.008484
514.50          0.7541        0.006622
514.50          0.7723        0.005074
514.50          0.7904        0.003806
514.50          0.8086        0.002785
514.50          0.8267        0.001973
514.50          0.8449        0.001348
514.50           0.863       0.0008865
514.50          0.8811       0.0005457
514.50          0.8993       0.0003105
514.50          0.9174       0.0001582
514.50          0.9356       6.839e-05
514.50          0.9537       2.245e-05
514.50          0.9719       4.228e-06
514.50            0.99       1.312e-07
