2.05        0.001099          0.4135
2.05        0.001326          0.4265
2.05          0.0016          0.4328
2.05        0.001931          0.4338
2.05         0.00233          0.4312
2.05        0.002812          0.4264
2.05        0.003393          0.4203
2.05        0.004095          0.4133
2.05        0.004942          0.4057
2.05        0.005964          0.3978
2.05        0.007197          0.3897
2.05        0.008685          0.3815
2.05         0.01048          0.3732
2.05         0.01265          0.3652
2.05         0.01526          0.3577
2.05         0.01842          0.3509
2.05         0.02223          0.3454
2.05         0.02683          0.3415
2.05         0.03237          0.3397
2.05         0.03907            0.34
2.05         0.04715          0.3425
2.05          0.0569          0.3466
2.05         0.06866          0.3516
2.05         0.08286          0.3561
2.05             0.1           0.359
2.05           0.101          0.3591
2.05          0.1191          0.3596
2.05          0.1373          0.3584
2.05          0.1554          0.3559
2.05          0.1736          0.3524
2.05          0.1917          0.3481
2.05          0.2099          0.3431
2.05           0.228          0.3372
2.05          0.2461          0.3304
2.05          0.2643          0.3229
2.05          0.2824          0.3146
2.05          0.3006          0.3056
2.05          0.3187          0.2961
2.05          0.3369          0.2861
2.05           0.355          0.2757
2.05          0.3731          0.2651
2.05          0.3913          0.2543
2.05          0.4094          0.2435
2.05          0.4276          0.2328
2.05          0.4457          0.2222
2.05          0.4639          0.2119
2.05           0.482          0.2017
2.05          0.5001          0.1919
2.05          0.5183          0.1823
2.05          0.5364          0.1731
2.05          0.5546          0.1643
2.05          0.5727          0.1557
2.05          0.5909          0.1476
2.05           0.609          0.1398
2.05          0.6271          0.1324
2.05          0.6453          0.1252
2.05          0.6634          0.1185
2.05          0.6816           0.112
2.05          0.6997          0.1059
2.05          0.7179             0.1
2.05           0.736         0.09441
2.05          0.7541          0.0891
2.05          0.7723         0.08404
2.05          0.7904         0.07922
2.05          0.8086         0.07463
2.05          0.8267         0.07026
2.05          0.8449          0.0661
2.05           0.863         0.06213
2.05          0.8811         0.05835
2.05          0.8993         0.05475
2.05          0.9174         0.05133
2.05          0.9356         0.04806
2.05          0.9537         0.04495
2.05          0.9719         0.04199
2.05            0.99         0.03919
5.15        0.002812          0.4869
5.15        0.003393          0.5135
5.15        0.004095           0.525
5.15        0.004942          0.5256
5.15        0.005964          0.5193
5.15        0.007197           0.509
5.15        0.008685          0.4965
5.15         0.01048           0.483
5.15         0.01265          0.4694
5.15         0.01526          0.4561
5.15         0.01842          0.4437
5.15         0.02223          0.4324
5.15         0.02683          0.4226
5.15         0.03237          0.4144
5.15         0.03907          0.4079
5.15         0.04715          0.4027
5.15          0.0569          0.3985
5.15         0.06866          0.3947
5.15         0.08286          0.3906
5.15             0.1          0.3856
5.15           0.101          0.3853
5.15          0.1191          0.3796
5.15          0.1373          0.3737
5.15          0.1554          0.3675
5.15          0.1736           0.361
5.15          0.1917          0.3539
5.15          0.2099          0.3461
5.15           0.228          0.3377
5.15          0.2461          0.3284
5.15          0.2643          0.3184
5.15          0.2824          0.3077
5.15          0.3006          0.2963
5.15          0.3187          0.2844
5.15          0.3369           0.272
5.15           0.355          0.2593
5.15          0.3731          0.2464
5.15          0.3913          0.2334
5.15          0.4094          0.2204
5.15          0.4276          0.2075
5.15          0.4457          0.1947
5.15          0.4639          0.1822
5.15           0.482            0.17
5.15          0.5001          0.1581
5.15          0.5183          0.1467
5.15          0.5364          0.1356
5.15          0.5546           0.125
5.15          0.5727          0.1149
5.15          0.5909          0.1052
5.15           0.609         0.09604
5.15          0.6271         0.08737
5.15          0.6453          0.0792
5.15          0.6634         0.07153
5.15          0.6816         0.06434
5.15          0.6997         0.05764
5.15          0.7179         0.05141
5.15           0.736         0.04563
5.15          0.7541         0.04031
5.15          0.7723         0.03542
5.15          0.7904         0.03094
5.15          0.8086         0.02687
5.15          0.8267         0.02318
5.15          0.8449         0.01985
5.15           0.863         0.01687
5.15          0.8811         0.01421
5.15          0.8993         0.01187
5.15          0.9174        0.009804
5.15          0.9356        0.008011
5.15          0.9537        0.006466
5.15          0.9719        0.005151
5.15            0.99        0.004063
8.15        0.004095          0.4935
8.15        0.004942          0.5269
8.15        0.005964          0.5428
8.15        0.007197          0.5452
8.15        0.008685          0.5387
8.15         0.01048          0.5272
8.15         0.01265          0.5132
8.15         0.01526          0.4982
8.15         0.01842          0.4833
8.15         0.02223          0.4691
8.15         0.02683          0.4561
8.15         0.03237          0.4444
8.15         0.03907          0.4342
8.15         0.04715          0.4251
8.15          0.0569           0.417
8.15         0.06866          0.4093
8.15         0.08286          0.4015
8.15             0.1          0.3931
8.15           0.101          0.3926
8.15          0.1191          0.3844
8.15          0.1373          0.3764
8.15          0.1554          0.3685
8.15          0.1736          0.3604
8.15          0.1917          0.3519
8.15          0.2099          0.3429
8.15           0.228          0.3332
8.15          0.2461          0.3228
8.15          0.2643          0.3118
8.15          0.2824          0.3001
8.15          0.3006          0.2878
8.15          0.3187          0.2751
8.15          0.3369           0.262
8.15           0.355          0.2486
8.15          0.3731          0.2351
8.15          0.3913          0.2216
8.15          0.4094          0.2081
8.15          0.4276          0.1947
8.15          0.4457          0.1816
8.15          0.4639          0.1688
8.15           0.482          0.1563
8.15          0.5001          0.1442
8.15          0.5183          0.1325
8.15          0.5364          0.1214
8.15          0.5546          0.1107
8.15          0.5727          0.1005
8.15          0.5909         0.09091
8.15           0.609         0.08184
8.15          0.6271         0.07332
8.15          0.6453         0.06536
8.15          0.6634         0.05795
8.15          0.6816         0.05109
8.15          0.6997         0.04476
8.15          0.7179         0.03896
8.15           0.736         0.03367
8.15          0.7541         0.02887
8.15          0.7723         0.02455
8.15          0.7904         0.02069
8.15          0.8086         0.01726
8.15          0.8267         0.01423
8.15          0.8449          0.0116
8.15           0.863        0.009317
8.15          0.8811        0.007371
8.15          0.8993         0.00573
8.15          0.9174        0.004366
8.15          0.9356        0.003252
8.15          0.9537        0.002362
8.15          0.9719        0.001668
8.15            0.99        0.001155
12.90        0.007197          0.5274
12.90        0.008685           0.546
12.90         0.01048          0.5495
12.90         0.01265           0.543
12.90         0.01526          0.5308
12.90         0.01842           0.516
12.90         0.02223          0.5002
12.90         0.02683          0.4847
12.90         0.03237            0.47
12.90         0.03907          0.4563
12.90         0.04715          0.4438
12.90          0.0569          0.4321
12.90         0.06866          0.4209
12.90         0.08286          0.4098
12.90             0.1          0.3983
12.90           0.101          0.3977
12.90          0.1191           0.387
12.90          0.1373          0.3772
12.90          0.1554          0.3676
12.90          0.1736          0.3581
12.90          0.1917          0.3483
12.90          0.2099          0.3381
12.90           0.228          0.3274
12.90          0.2461           0.316
12.90          0.2643          0.3041
12.90          0.2824          0.2916
12.90          0.3006          0.2786
12.90          0.3187          0.2652
12.90          0.3369          0.2516
12.90           0.355          0.2378
12.90          0.3731          0.2239
12.90          0.3913          0.2101
12.90          0.4094          0.1963
12.90          0.4276          0.1828
12.90          0.4457          0.1696
12.90          0.4639          0.1567
12.90           0.482          0.1442
12.90          0.5001          0.1322
12.90          0.5183          0.1206
12.90          0.5364          0.1096
12.90          0.5546         0.09911
12.90          0.5727         0.08918
12.90          0.5909         0.07984
12.90           0.609         0.07107
12.90          0.6271          0.0629
12.90          0.6453         0.05532
12.90          0.6634         0.04833
12.90          0.6816         0.04192
12.90          0.6997         0.03607
12.90          0.7179         0.03077
12.90           0.736         0.02601
12.90          0.7541         0.02176
12.90          0.7723           0.018
12.90          0.7904          0.0147
12.90          0.8086         0.01183
12.90          0.8267        0.009377
12.90          0.8449        0.007296
12.90           0.863        0.005559
12.90          0.8811        0.004135
12.90          0.8993         0.00299
12.90          0.9174         0.00209
12.90          0.9356        0.001402
12.90          0.9537       0.0008968
12.90          0.9719       0.0005406
12.90            0.99       0.0003089
20.50         0.01048          0.5128
20.50         0.01265          0.5339
20.50         0.01526           0.539
20.50         0.01842          0.5331
20.50         0.02223          0.5208
20.50         0.02683          0.5055
20.50         0.03237          0.4893
20.50         0.03907          0.4732
20.50         0.04715          0.4577
20.50          0.0569           0.443
20.50         0.06866          0.4288
20.50         0.08286          0.4149
20.50             0.1           0.401
20.50           0.101          0.4002
20.50          0.1191          0.3875
20.50          0.1373           0.376
20.50          0.1554          0.3651
20.50          0.1736          0.3543
20.50          0.1917          0.3435
20.50          0.2099          0.3322
20.50           0.228          0.3206
20.50          0.2461          0.3084
20.50          0.2643          0.2957
20.50          0.2824          0.2826
20.50          0.3006          0.2691
20.50          0.3187          0.2553
20.50          0.3369          0.2413
20.50           0.355          0.2272
20.50          0.3731          0.2132
20.50          0.3913          0.1992
20.50          0.4094          0.1854
20.50          0.4276          0.1719
20.50          0.4457          0.1588
20.50          0.4639           0.146
20.50           0.482          0.1337
20.50          0.5001          0.1219
20.50          0.5183          0.1106
20.50          0.5364         0.09981
20.50          0.5546         0.08964
20.50          0.5727         0.08007
20.50          0.5909          0.0711
20.50           0.609         0.06274
20.50          0.6271           0.055
20.50          0.6453         0.04786
20.50          0.6634         0.04133
20.50          0.6816         0.03539
20.50          0.6997         0.03002
20.50          0.7179         0.02521
20.50           0.736         0.02094
20.50          0.7541         0.01717
20.50          0.7723         0.01389
20.50          0.7904         0.01105
20.50          0.8086        0.008646
20.50          0.8267        0.006624
20.50          0.8449        0.004955
20.50           0.863        0.003603
20.50          0.8811        0.002535
20.50          0.8993        0.001711
20.50          0.9174        0.001095
20.50          0.9356       0.0006525
20.50          0.9537       0.0003515
20.50          0.9719        0.000158
20.50            0.99       4.232e-05
51.50         0.02683          0.4957
51.50         0.03237          0.4974
51.50         0.03907          0.4894
51.50         0.04715          0.4755
51.50          0.0569          0.4588
51.50         0.06866           0.441
51.50         0.08286          0.4228
51.50             0.1          0.4046
51.50           0.101          0.4036
51.50          0.1191          0.3873
51.50          0.1373          0.3728
51.50          0.1554          0.3593
51.50          0.1736          0.3463
51.50          0.1917          0.3335
51.50          0.2099          0.3205
51.50           0.228          0.3072
51.50          0.2461          0.2937
51.50          0.2643          0.2798
51.50          0.2824          0.2657
51.50          0.3006          0.2514
51.50          0.3187          0.2371
51.50          0.3369          0.2227
51.50           0.355          0.2084
51.50          0.3731          0.1942
51.50          0.3913          0.1803
51.50          0.4094          0.1667
51.50          0.4276          0.1535
51.50          0.4457          0.1407
51.50          0.4639          0.1284
51.50           0.482          0.1166
51.50          0.5001          0.1054
51.50          0.5183          0.0948
51.50          0.5364         0.08479
51.50          0.5546         0.07539
51.50          0.5727         0.06661
51.50          0.5909         0.05847
51.50           0.609         0.05096
51.50          0.6271         0.04407
51.50          0.6453         0.03779
51.50          0.6634         0.03211
51.50          0.6816         0.02702
51.50          0.6997         0.02248
51.50          0.7179         0.01847
51.50           0.736         0.01498
51.50          0.7541         0.01195
51.50          0.7723        0.009375
51.50          0.7904        0.007207
51.50          0.8086        0.005413
51.50          0.8267        0.003953
51.50          0.8449        0.002792
51.50           0.863        0.001892
51.50          0.8811        0.001217
51.50          0.8993       0.0007274
51.50          0.9174       0.0003863
51.50          0.9356       0.0001616
51.50          0.9537       2.287e-05
51.50          0.9719       -5.99e-05
51.50            0.99      -0.0001148
129.20         0.06866          0.4316
129.20         0.08286          0.4191
129.20             0.1          0.4023
129.20           0.101          0.4013
129.20          0.1191          0.3842
129.20          0.1373          0.3682
129.20          0.1554          0.3531
129.20          0.1736          0.3384
129.20          0.1917           0.324
129.20          0.2099          0.3096
129.20           0.228          0.2951
129.20          0.2461          0.2805
129.20          0.2643          0.2657
129.20          0.2824          0.2509
129.20          0.3006          0.2361
129.20          0.3187          0.2214
129.20          0.3369          0.2068
129.20           0.355          0.1924
129.20          0.3731          0.1784
129.20          0.3913          0.1647
129.20          0.4094          0.1514
129.20          0.4276          0.1386
129.20          0.4457          0.1263
129.20          0.4639          0.1146
129.20           0.482          0.1034
129.20          0.5001         0.09287
129.20          0.5183         0.08295
129.20          0.5364         0.07366
129.20          0.5546         0.06502
129.20          0.5727         0.05701
129.20          0.5909         0.04964
129.20           0.609         0.04289
129.20          0.6271         0.03675
129.20          0.6453         0.03121
129.20          0.6634         0.02624
129.20          0.6816         0.02183
129.20          0.6997         0.01794
129.20          0.7179         0.01455
129.20           0.736         0.01162
129.20          0.7541        0.009121
129.20          0.7723        0.007021
129.20          0.7904        0.005284
129.20          0.8086        0.003872
129.20          0.8267        0.002746
129.20          0.8449        0.001871
129.20           0.863         0.00121
129.20          0.8811        0.000729
129.20          0.8993       0.0003918
129.20          0.9174       0.0001656
129.20          0.9356       2.202e-05
129.20          0.9537      -6.448e-05
129.20          0.9719      -0.0001185
129.20            0.99       -0.000162
514.50          0.2643          0.2555
514.50          0.2824          0.2403
514.50          0.3006           0.225
514.50          0.3187          0.2096
514.50          0.3369          0.1945
514.50           0.355          0.1797
514.50          0.3731          0.1653
514.50          0.3913          0.1514
514.50          0.4094          0.1381
514.50          0.4276          0.1254
514.50          0.4457          0.1133
514.50          0.4639           0.102
514.50           0.482         0.09125
514.50          0.5001         0.08124
514.50          0.5183         0.07192
514.50          0.5364         0.06329
514.50          0.5546         0.05535
514.50          0.5727         0.04807
514.50          0.5909         0.04144
514.50           0.609         0.03544
514.50          0.6271         0.03005
514.50          0.6453         0.02524
514.50          0.6634         0.02098
514.50          0.6816         0.01724
514.50          0.6997         0.01399
514.50          0.7179         0.01119
514.50           0.736        0.008804
514.50          0.7541        0.006801
514.50          0.7723        0.005143
514.50          0.7904        0.003794
514.50          0.8086        0.002717
514.50          0.8267        0.001875
514.50          0.8449        0.001233
514.50           0.863        0.000759
514.50          0.8811        0.000423
514.50          0.8993       0.0001928
514.50          0.9174        4.14e-05
514.50          0.9356      -5.378e-05
514.50          0.9537      -0.0001126
514.50          0.9719      -0.0001534
514.50            0.99      -0.0001905
