2.05        0.001099           1.157
2.05        0.001326          0.8977
2.05          0.0016          0.7218
2.05        0.001931          0.6075
2.05         0.00233          0.5337
2.05        0.002812          0.4851
2.05        0.003393          0.4518
2.05        0.004095          0.4281
2.05        0.004942          0.4105
2.05        0.005964          0.3969
2.05        0.007197          0.3861
2.05        0.008685          0.3771
2.05         0.01048          0.3692
2.05         0.01265          0.3625
2.05         0.01526           0.358
2.05         0.01842          0.3545
2.05         0.02223          0.3526
2.05         0.02683          0.3518
2.05         0.03237           0.351
2.05         0.03907          0.3474
2.05         0.04715          0.3459
2.05          0.0569          0.3463
2.05         0.06866          0.3462
2.05         0.08286          0.3458
2.05             0.1          0.3443
2.05           0.101          0.3444
2.05          0.1191          0.3467
2.05          0.1373          0.3479
2.05          0.1554          0.3478
2.05          0.1736          0.3477
2.05          0.1917          0.3462
2.05          0.2099          0.3425
2.05           0.228          0.3373
2.05          0.2461          0.3312
2.05          0.2643          0.3245
2.05          0.2824          0.3167
2.05          0.3006           0.308
2.05          0.3187          0.2979
2.05          0.3369          0.2867
2.05           0.355          0.2744
2.05          0.3731          0.2645
2.05          0.3913          0.2526
2.05          0.4094          0.2418
2.05          0.4276          0.2303
2.05          0.4457          0.2183
2.05          0.4639          0.2069
2.05           0.482          0.1946
2.05          0.5001           0.183
2.05          0.5183          0.1719
2.05          0.5364          0.1602
2.05          0.5546          0.1496
2.05          0.5727          0.1395
2.05          0.5909          0.1292
2.05           0.609          0.1195
2.05          0.6271           0.111
2.05          0.6453          0.1032
2.05          0.6634         0.09573
2.05          0.6816         0.08782
2.05          0.6997         0.08096
2.05          0.7179         0.07482
2.05           0.736         0.06843
2.05          0.7541         0.06245
2.05          0.7723         0.05764
2.05          0.7904         0.05285
2.05          0.8086         0.04847
2.05          0.8267         0.04417
2.05          0.8449         0.04009
2.05           0.863         0.03619
2.05          0.8811         0.03228
2.05          0.8993         0.02895
2.05          0.9174         0.02624
2.05          0.9356         0.02379
2.05          0.9537         0.02153
2.05          0.9719         0.01937
2.05            0.99         0.01736
5.15        0.002812           0.832
5.15        0.003393          0.7203
5.15        0.004095          0.6415
5.15        0.004942          0.5865
5.15        0.005964          0.5469
5.15        0.007197          0.5171
5.15        0.008685          0.4932
5.15         0.01048          0.4733
5.15         0.01265          0.4564
5.15         0.01526          0.4422
5.15         0.01842          0.4297
5.15         0.02223           0.419
5.15         0.02683          0.4094
5.15         0.03237          0.4002
5.15         0.03907          0.3912
5.15         0.04715          0.3841
5.15          0.0569          0.3785
5.15         0.06866          0.3731
5.15         0.08286          0.3688
5.15             0.1          0.3641
5.15           0.101          0.3639
5.15          0.1191          0.3601
5.15          0.1373          0.3571
5.15          0.1554          0.3533
5.15          0.1736          0.3495
5.15          0.1917           0.344
5.15          0.2099           0.337
5.15           0.228          0.3291
5.15          0.2461          0.3204
5.15          0.2643          0.3109
5.15          0.2824          0.3006
5.15          0.3006          0.2893
5.15          0.3187           0.277
5.15          0.3369          0.2646
5.15           0.355          0.2523
5.15          0.3731          0.2398
5.15          0.3913          0.2273
5.15          0.4094          0.2143
5.15          0.4276          0.2013
5.15          0.4457          0.1883
5.15          0.4639          0.1752
5.15           0.482          0.1628
5.15          0.5001          0.1502
5.15          0.5183          0.1384
5.15          0.5364          0.1268
5.15          0.5546          0.1156
5.15          0.5727          0.1056
5.15          0.5909         0.09614
5.15           0.609         0.08694
5.15          0.6271         0.07852
5.15          0.6453         0.06886
5.15          0.6634         0.06434
5.15          0.6816         0.05511
5.15          0.6997         0.04758
5.15          0.7179         0.04209
5.15           0.736         0.03675
5.15          0.7541         0.03164
5.15          0.7723          0.0272
5.15          0.7904         0.02355
5.15          0.8086         0.02027
5.15          0.8267         0.01725
5.15          0.8449         0.01461
5.15           0.863         0.01236
5.15          0.8811          0.0105
5.15          0.8993        0.008942
5.15          0.9174        0.007591
5.15          0.9356        0.006392
5.15          0.9537        0.005351
5.15          0.9719        0.004439
5.15            0.99        0.003645
8.15        0.004095          0.7735
8.15        0.004942           0.695
8.15        0.005964          0.6354
8.15        0.007197          0.5908
8.15        0.008685          0.5561
8.15         0.01048          0.5281
8.15         0.01265          0.5047
8.15         0.01526          0.4849
8.15         0.01842          0.4675
8.15         0.02223          0.4523
8.15         0.02683          0.4385
8.15         0.03237          0.4254
8.15         0.03907          0.4131
8.15         0.04715          0.4027
8.15          0.0569          0.3938
8.15         0.06866          0.3854
8.15         0.08286          0.3783
8.15             0.1           0.371
8.15           0.101          0.3706
8.15          0.1191          0.3644
8.15          0.1373          0.3593
8.15          0.1554          0.3537
8.15          0.1736           0.348
8.15          0.1917          0.3409
8.15          0.2099          0.3325
8.15           0.228          0.3233
8.15          0.2461          0.3135
8.15          0.2643          0.3029
8.15          0.2824          0.2916
8.15          0.3006          0.2794
8.15          0.3187          0.2666
8.15          0.3369          0.2536
8.15           0.355           0.241
8.15          0.3731          0.2279
8.15          0.3913           0.215
8.15          0.4094          0.2016
8.15          0.4276          0.1884
8.15          0.4457          0.1751
8.15          0.4639          0.1622
8.15           0.482          0.1495
8.15          0.5001          0.1371
8.15          0.5183          0.1254
8.15          0.5364          0.1139
8.15          0.5546          0.1033
8.15          0.5727         0.09359
8.15          0.5909         0.08412
8.15           0.609         0.07562
8.15          0.6271         0.06589
8.15          0.6453         0.06086
8.15          0.6634         0.05187
8.15          0.6816         0.04432
8.15          0.6997         0.03857
8.15          0.7179         0.03318
8.15           0.736         0.02805
8.15          0.7541         0.02387
8.15          0.7723         0.02029
8.15          0.7904         0.01703
8.15          0.8086         0.01418
8.15          0.8267         0.01177
8.15          0.8449        0.009806
8.15           0.863        0.008168
8.15          0.8811        0.006748
8.15          0.8993        0.005522
8.15          0.9174        0.004467
8.15          0.9356        0.003564
8.15          0.9537        0.002799
8.15          0.9719         0.00216
8.15            0.99        0.001657
12.90        0.007197           0.659
12.90        0.008685           0.617
12.90         0.01048          0.5821
12.90         0.01265          0.5527
12.90         0.01526          0.5275
12.90         0.01842          0.5054
12.90         0.02223          0.4857
12.90         0.02683          0.4677
12.90         0.03237          0.4507
12.90         0.03907          0.4349
12.90         0.04715          0.4211
12.90          0.0569          0.4088
12.90         0.06866          0.3973
12.90         0.08286          0.3871
12.90             0.1           0.377
12.90           0.101          0.3764
12.90          0.1191          0.3678
12.90          0.1373          0.3606
12.90          0.1554          0.3532
12.90          0.1736          0.3457
12.90          0.1917           0.337
12.90          0.2099          0.3274
12.90           0.228          0.3171
12.90          0.2461          0.3062
12.90          0.2643          0.2947
12.90          0.2824          0.2825
12.90          0.3006          0.2696
12.90          0.3187          0.2563
12.90          0.3369          0.2429
12.90           0.355          0.2299
12.90          0.3731          0.2164
12.90          0.3913          0.2032
12.90          0.4094          0.1897
12.90          0.4276          0.1763
12.90          0.4457           0.163
12.90          0.4639          0.1503
12.90           0.482          0.1376
12.90          0.5001          0.1256
12.90          0.5183          0.1141
12.90          0.5364           0.103
12.90          0.5546         0.09286
12.90          0.5727         0.08335
12.90          0.5909          0.0744
12.90           0.609         0.06577
12.90          0.6271          0.0578
12.90          0.6453         0.05136
12.90          0.6634         0.04296
12.90          0.6816         0.03715
12.90          0.6997         0.03167
12.90          0.7179         0.02662
12.90           0.736         0.02237
12.90          0.7541         0.01879
12.90          0.7723         0.01557
12.90          0.7904         0.01279
12.90          0.8086         0.01048
12.90          0.8267        0.008588
12.90          0.8449        0.007026
12.90           0.863        0.005671
12.90          0.8811        0.004521
12.90          0.8993        0.003546
12.90          0.9174        0.002728
12.90          0.9356        0.002052
12.90          0.9537        0.001525
12.90          0.9719        0.001101
12.90            0.99       0.0007437
20.50         0.01048          0.6148
20.50         0.01265          0.5884
20.50         0.01526          0.5631
20.50         0.01842          0.5391
20.50         0.02223          0.5166
20.50         0.02683          0.4952
20.50         0.03237          0.4749
20.50         0.03907          0.4558
20.50         0.04715          0.4387
20.50          0.0569          0.4231
20.50         0.06866          0.4084
20.50         0.08286          0.3952
20.50             0.1          0.3823
20.50           0.101          0.3816
20.50          0.1191          0.3707
20.50          0.1373          0.3613
20.50          0.1554          0.3522
20.50          0.1736          0.3431
20.50          0.1917           0.333
20.50          0.2099          0.3221
20.50           0.228          0.3107
20.50          0.2461          0.2989
20.50          0.2643          0.2865
20.50          0.2824          0.2736
20.50          0.3006          0.2601
20.50          0.3187          0.2465
20.50          0.3369          0.2327
20.50           0.355          0.2194
20.50          0.3731          0.2057
20.50          0.3913          0.1922
20.50          0.4094          0.1787
20.50          0.4276          0.1653
20.50          0.4457          0.1522
20.50          0.4639          0.1396
20.50           0.482          0.1272
20.50          0.5001          0.1155
20.50          0.5183          0.1043
20.50          0.5364         0.09366
20.50          0.5546         0.08399
20.50          0.5727         0.07477
20.50          0.5909         0.06631
20.50           0.609         0.05736
20.50          0.6271         0.05108
20.50          0.6453         0.04374
20.50          0.6634           0.037
20.50          0.6816         0.03155
20.50          0.6997         0.02653
20.50          0.7179         0.02206
20.50           0.736          0.0184
20.50          0.7541         0.01518
20.50          0.7723         0.01238
20.50          0.7904         0.01004
20.50          0.8086        0.008137
20.50          0.8267        0.006573
20.50          0.8449         0.00524
20.50           0.863        0.004117
20.50          0.8811        0.003173
20.50          0.8993        0.002395
20.50          0.9174         0.00176
20.50          0.9356        0.001271
20.50          0.9537       0.0008793
20.50          0.9719       0.0005595
20.50            0.99        0.000318
51.50         0.02683          0.5131
51.50         0.03237          0.5002
51.50         0.03907          0.4832
51.50         0.04715          0.4644
51.50          0.0569          0.4451
51.50         0.06866          0.4258
51.50         0.08286          0.4076
51.50             0.1            0.39
51.50           0.101          0.3891
51.50          0.1191           0.374
51.50          0.1373          0.3611
51.50          0.1554          0.3488
51.50          0.1736          0.3368
51.50          0.1917          0.3243
51.50          0.2099          0.3114
51.50           0.228          0.2983
51.50          0.2461          0.2849
51.50          0.2643          0.2711
51.50          0.2824          0.2571
51.50          0.3006          0.2428
51.50          0.3187          0.2285
51.50          0.3369          0.2143
51.50           0.355          0.2005
51.50          0.3731          0.1867
51.50          0.3913          0.1731
51.50          0.4094          0.1597
51.50          0.4276          0.1466
51.50          0.4457          0.1339
51.50          0.4639          0.1218
51.50           0.482          0.1101
51.50          0.5001          0.0991
51.50          0.5183         0.08864
51.50          0.5364         0.07898
51.50          0.5546         0.07009
51.50          0.5727         0.06171
51.50          0.5909         0.05398
51.50           0.609         0.04683
51.50          0.6271         0.04035
51.50          0.6453         0.03457
51.50          0.6634         0.02932
51.50          0.6816         0.02451
51.50          0.6997         0.02021
51.50          0.7179         0.01663
51.50           0.736          0.0136
51.50          0.7541         0.01097
51.50          0.7723        0.008784
51.50          0.7904        0.007008
51.50          0.8086         0.00556
51.50          0.8267        0.004353
51.50          0.8449        0.003347
51.50           0.863        0.002518
51.50          0.8811        0.001845
51.50          0.8993        0.001313
51.50          0.9174       0.0009084
51.50          0.9356       0.0005908
51.50          0.9537       0.0003458
51.50          0.9719       0.0001747
51.50            0.99       6.616e-05
129.20         0.06866          0.4232
129.20         0.08286          0.4094
129.20             0.1          0.3922
129.20           0.101          0.3912
129.20          0.1191          0.3746
129.20          0.1373          0.3595
129.20          0.1554           0.345
129.20          0.1736          0.3309
129.20          0.1917          0.3166
129.20          0.2099          0.3021
129.20           0.228          0.2876
129.20          0.2461           0.273
129.20          0.2643          0.2582
129.20          0.2824          0.2434
129.20          0.3006          0.2285
129.20          0.3187          0.2139
129.20          0.3369          0.1995
129.20           0.355          0.1855
129.20          0.3731          0.1717
129.20          0.3913          0.1582
129.20          0.4094           0.145
129.20          0.4276          0.1323
129.20          0.4457          0.1201
129.20          0.4639          0.1085
129.20           0.482         0.09744
129.20          0.5001         0.08712
129.20          0.5183         0.07741
129.20          0.5364         0.06851
129.20          0.5546         0.06032
129.20          0.5727         0.05269
129.20          0.5909         0.04571
129.20           0.609          0.0393
129.20          0.6271         0.03359
129.20          0.6453          0.0285
129.20          0.6634         0.02389
129.20          0.6816         0.01976
129.20          0.6997         0.01615
129.20          0.7179         0.01318
129.20           0.736         0.01064
129.20          0.7541        0.008493
129.20          0.7723         0.00673
129.20          0.7904        0.005308
129.20          0.8086        0.004148
129.20          0.8267        0.003184
129.20          0.8449        0.002395
129.20           0.863        0.001756
129.20          0.8811        0.001249
129.20          0.8993       0.0008606
129.20          0.9174        0.000567
129.20          0.9356       0.0003408
129.20          0.9537       0.0001791
129.20          0.9719       7.592e-05
129.20            0.99       1.996e-05
514.50          0.2643          0.2493
514.50          0.2824          0.2341
514.50          0.3006          0.2186
514.50          0.3187          0.2033
514.50          0.3369          0.1883
514.50           0.355          0.1737
514.50          0.3731          0.1594
514.50          0.3913          0.1456
514.50          0.4094          0.1323
514.50          0.4276          0.1196
514.50          0.4457          0.1076
514.50          0.4639         0.09635
514.50           0.482         0.08581
514.50          0.5001         0.07603
514.50          0.5183         0.06696
514.50          0.5364         0.05871
514.50          0.5546         0.05116
514.50          0.5727         0.04425
514.50          0.5909         0.03797
514.50           0.609         0.03231
514.50          0.6271         0.02735
514.50          0.6453         0.02291
514.50          0.6634         0.01897
514.50          0.6816         0.01552
514.50          0.6997         0.01257
514.50          0.7179         0.01014
514.50           0.736        0.008082
514.50          0.7541        0.006376
514.50          0.7723        0.004999
514.50          0.7904        0.003889
514.50          0.8086        0.002986
514.50          0.8267        0.002248
514.50          0.8449        0.001655
514.50           0.863        0.001184
514.50          0.8811       0.0008194
514.50          0.8993       0.0005489
514.50          0.9174       0.0003451
514.50          0.9356       0.0001949
514.50          0.9537        9.39e-05
514.50          0.9719       3.408e-05
514.50            0.99       5.651e-06
