0        5.0           1e-05           1.442
0        5.0       1.207e-05           1.402
0        5.0       1.456e-05           1.362
0        5.0       1.758e-05           1.323
0        5.0       2.121e-05           1.284
0        5.0        2.56e-05           1.246
0        5.0       3.089e-05           1.201
0        5.0       3.728e-05           1.166
0        5.0       4.498e-05           1.211
0        5.0       5.429e-05           1.193
0        5.0       6.551e-05           1.157
0        5.0       7.906e-05            1.12
0        5.0       9.541e-05           1.086
0        5.0       0.0001151           1.052
0        5.0       0.0001389            1.02
0        5.0       0.0001677          0.9875
0        5.0       0.0002024          0.9561
0        5.0       0.0002442          0.9254
0        5.0       0.0002947          0.8952
0        5.0       0.0003556          0.8657
0        5.0       0.0004292          0.8367
0        5.0       0.0005179          0.8084
0        5.0       0.0006251          0.7808
0        5.0       0.0007543          0.7538
0        5.0       0.0009103          0.7275
0        5.0        0.001099          0.7019
0        5.0        0.001326          0.6769
0        5.0          0.0016          0.6527
0        5.0        0.001931          0.6292
0        5.0         0.00233          0.6065
0        5.0        0.002812          0.5846
0        5.0        0.003393          0.5637
0        5.0        0.004095          0.5437
0        5.0        0.004942          0.5248
0        5.0        0.005964           0.507
0        5.0        0.007197          0.4904
0        5.0        0.008685           0.475
0        5.0         0.01048          0.4609
0        5.0         0.01265          0.4479
0        5.0         0.01526          0.4362
0        5.0         0.01842          0.4255
0        5.0         0.02223          0.4159
0        5.0         0.02683          0.4071
0        5.0         0.03237          0.3991
0        5.0         0.03907          0.3912
0        5.0         0.04715          0.3877
0        5.0          0.0569          0.3826
0        5.0         0.06866          0.3774
0        5.0         0.08286          0.3728
0        5.0             0.1          0.3684
0        5.0           0.101          0.3682
0        5.0          0.1191          0.3644
0        5.0          0.1373          0.3607
0        5.0          0.1554          0.3567
0        5.0          0.1736           0.352
0        5.0          0.1917          0.3466
0        5.0          0.2099          0.3401
0        5.0           0.228          0.3328
0        5.0          0.2461          0.3245
0        5.0          0.2643          0.3153
0        5.0          0.2824          0.3053
0        5.0          0.3006          0.2946
0        5.0          0.3187          0.2832
0        5.0          0.3369          0.2713
0        5.0           0.355          0.2589
0        5.0          0.3731          0.2461
0        5.0          0.3913           0.233
0        5.0          0.4094          0.2201
0        5.0          0.4276           0.207
0        5.0          0.4457          0.1936
0        5.0          0.4639          0.1804
0        5.0           0.482          0.1673
0        5.0          0.5001          0.1545
0        5.0          0.5183           0.142
0        5.0          0.5364          0.1298
0        5.0          0.5546           0.118
0        5.0          0.5727          0.1067
0        5.0          0.5909         0.09588
0        5.0           0.609         0.08562
0        5.0          0.6271         0.07594
0        5.0          0.6453         0.06687
0        5.0          0.6634          0.0584
0        5.0          0.6816         0.05057
0        5.0          0.6997         0.04337
0        5.0          0.7179         0.03681
0        5.0           0.736         0.03086
0        5.0          0.7541         0.02554
0        5.0          0.7723         0.02081
0        5.0          0.7904         0.01666
0        5.0          0.8086         0.01307
0        5.0          0.8267         0.00999
0        5.0          0.8449        0.007414
0        5.0           0.863          0.0053
0        5.0          0.8811         0.00361
0        5.0          0.8993        0.002306
0        5.0          0.9174        0.001346
0        5.0          0.9356       0.0006856
0        5.0          0.9537       0.0002783
0        5.0          0.9719       7.114e-05
0        5.0            0.99       4.046e-06
0       10.0           1e-05           2.192
0       10.0       1.207e-05           2.119
0       10.0       1.456e-05           2.048
0       10.0       1.758e-05           1.979
0       10.0       2.121e-05           1.912
0       10.0        2.56e-05           1.847
0       10.0       3.089e-05           1.783
0       10.0       3.728e-05            1.72
0       10.0       4.498e-05           1.658
0       10.0       5.429e-05           1.593
0       10.0       6.551e-05           1.531
0       10.0       7.906e-05           1.505
0       10.0       9.541e-05           1.493
0       10.0       0.0001151           1.448
0       10.0       0.0001389            1.39
0       10.0       0.0001677           1.337
0       10.0       0.0002024           1.287
0       10.0       0.0002442           1.239
0       10.0       0.0002947           1.192
0       10.0       0.0003556           1.146
0       10.0       0.0004292           1.102
0       10.0       0.0005179           1.058
0       10.0       0.0006251           1.016
0       10.0       0.0007543          0.9754
0       10.0       0.0009103          0.9359
0       10.0        0.001099          0.8976
0       10.0        0.001326          0.8606
0       10.0          0.0016          0.8249
0       10.0        0.001931          0.7904
0       10.0         0.00233          0.7572
0       10.0        0.002812          0.7253
0       10.0        0.003393          0.6947
0       10.0        0.004095          0.6655
0       10.0        0.004942          0.6378
0       10.0        0.005964          0.6116
0       10.0        0.007197          0.5869
0       10.0        0.008685          0.5637
0       10.0         0.01048          0.5421
0       10.0         0.01265           0.522
0       10.0         0.01526          0.5034
0       10.0         0.01842          0.4861
0       10.0         0.02223          0.4701
0       10.0         0.02683          0.4552
0       10.0         0.03237          0.4413
0       10.0         0.03907          0.4283
0       10.0         0.04715          0.4162
0       10.0          0.0569           0.405
0       10.0         0.06866          0.3945
0       10.0         0.08286          0.3858
0       10.0             0.1          0.3778
0       10.0           0.101          0.3773
0       10.0          0.1191          0.3701
0       10.0          0.1373          0.3638
0       10.0          0.1554          0.3567
0       10.0          0.1736          0.3493
0       10.0          0.1917          0.3413
0       10.0          0.2099          0.3324
0       10.0           0.228          0.3228
0       10.0          0.2461          0.3124
0       10.0          0.2643          0.3013
0       10.0          0.2824          0.2896
0       10.0          0.3006          0.2773
0       10.0          0.3187          0.2646
0       10.0          0.3369          0.2514
0       10.0           0.355          0.2381
0       10.0          0.3731          0.2245
0       10.0          0.3913          0.2109
0       10.0          0.4094          0.1974
0       10.0          0.4276          0.1839
0       10.0          0.4457          0.1706
0       10.0          0.4639          0.1576
0       10.0           0.482          0.1449
0       10.0          0.5001          0.1326
0       10.0          0.5183          0.1207
0       10.0          0.5364          0.1093
0       10.0          0.5546         0.09856
0       10.0          0.5727         0.08839
0       10.0          0.5909         0.07868
0       10.0           0.609         0.06957
0       10.0          0.6271         0.06109
0       10.0          0.6453         0.05343
0       10.0          0.6634         0.04617
0       10.0          0.6816         0.03955
0       10.0          0.6997         0.03354
0       10.0          0.7179         0.02811
0       10.0           0.736         0.02329
0       10.0          0.7541         0.01902
0       10.0          0.7723         0.01529
0       10.0          0.7904         0.01207
0       10.0          0.8086        0.009328
0       10.0          0.8267        0.007012
0       10.0          0.8449        0.005112
0       10.0           0.863        0.003584
0       10.0          0.8811        0.002388
0       10.0          0.8993        0.001488
0       10.0          0.9174       0.0008439
0       10.0          0.9356       0.0004153
0       10.0          0.9537       0.0001613
0       10.0          0.9719        3.87e-05
0       10.0            0.99       1.936e-06
0      100.0           1e-05           5.992
0      100.0       1.207e-05           5.721
0      100.0       1.456e-05           5.459
0      100.0       1.758e-05           5.206
0      100.0       2.121e-05           4.964
0      100.0        2.56e-05           4.732
0      100.0       3.089e-05            4.51
0      100.0       3.728e-05           4.296
0      100.0       4.498e-05           4.091
0      100.0       5.429e-05           3.893
0      100.0       6.551e-05           3.702
0      100.0       7.906e-05           3.517
0      100.0       9.541e-05           3.338
0      100.0       0.0001151           3.166
0      100.0       0.0001389               3
0      100.0       0.0001677           2.842
0      100.0       0.0002024            2.69
0      100.0       0.0002442           2.547
0      100.0       0.0002947            2.41
0      100.0       0.0003556           2.281
0      100.0       0.0004292           2.158
0      100.0       0.0005179            2.04
0      100.0       0.0006251            1.93
0      100.0       0.0007543           1.835
0      100.0       0.0009103           1.733
0      100.0        0.001099           1.649
0      100.0        0.001326           1.556
0      100.0          0.0016           1.465
0      100.0        0.001931            1.38
0      100.0         0.00233           1.299
0      100.0        0.002812           1.223
0      100.0        0.003393            1.15
0      100.0        0.004095           1.082
0      100.0        0.004942           1.017
0      100.0        0.005964          0.9559
0      100.0        0.007197          0.8985
0      100.0        0.008685          0.8447
0      100.0         0.01048          0.7943
0      100.0         0.01265          0.7472
0      100.0         0.01526          0.7032
0      100.0         0.01842          0.6621
0      100.0         0.02223          0.6237
0      100.0         0.02683          0.5879
0      100.0         0.03237          0.5546
0      100.0         0.03907          0.5234
0      100.0         0.04715          0.4945
0      100.0          0.0569          0.4678
0      100.0         0.06866          0.4432
0      100.0         0.08286          0.4204
0      100.0             0.1          0.3991
0      100.0           0.101           0.398
0      100.0          0.1191          0.3796
0      100.0          0.1373          0.3636
0      100.0          0.1554          0.3488
0      100.0          0.1736          0.3344
0      100.0          0.1917          0.3202
0      100.0          0.2099           0.306
0      100.0           0.228          0.2916
0      100.0          0.2461           0.277
0      100.0          0.2643          0.2623
0      100.0          0.2824          0.2476
0      100.0          0.3006          0.2329
0      100.0          0.3187          0.2182
0      100.0          0.3369          0.2037
0      100.0           0.355          0.1894
0      100.0          0.3731          0.1754
0      100.0          0.3913          0.1618
0      100.0          0.4094          0.1486
0      100.0          0.4276           0.136
0      100.0          0.4457          0.1238
0      100.0          0.4639          0.1122
0      100.0           0.482          0.1013
0      100.0          0.5001         0.09086
0      100.0          0.5183         0.08112
0      100.0          0.5364         0.07203
0      100.0          0.5546         0.06351
0      100.0          0.5727          0.0558
0      100.0          0.5909         0.04862
0      100.0           0.609         0.04205
0      100.0          0.6271          0.0361
0      100.0          0.6453         0.03073
0      100.0          0.6634         0.02593
0      100.0          0.6816         0.02165
0      100.0          0.6997         0.01789
0      100.0          0.7179          0.0146
0      100.0           0.736         0.01176
0      100.0          0.7541        0.009321
0      100.0          0.7723         0.00726
0      100.0          0.7904         0.00554
0      100.0          0.8086        0.004131
0      100.0          0.8267        0.002987
0      100.0          0.8449        0.002087
0      100.0           0.863        0.001397
0      100.0          0.8811       0.0008829
0      100.0          0.8993       0.0005184
0      100.0          0.9174       0.0002747
0      100.0          0.9356       0.0001248
0      100.0          0.9537       4.386e-05
0      100.0          0.9719       8.989e-06
0      100.0            0.99       3.281e-07
0     1000.0           1e-05           11.44
0     1000.0       1.207e-05           10.84
0     1000.0       1.456e-05           10.26
0     1000.0       1.758e-05           9.708
0     1000.0       2.121e-05           9.178
0     1000.0        2.56e-05            8.67
0     1000.0       3.089e-05           8.186
0     1000.0       3.728e-05           7.726
0     1000.0       4.498e-05           7.288
0     1000.0       5.429e-05           6.871
0     1000.0       6.551e-05           6.474
0     1000.0       7.906e-05           6.096
0     1000.0       9.541e-05           5.734
0     1000.0       0.0001151           5.388
0     1000.0       0.0001389           5.058
0     1000.0       0.0001677           4.744
0     1000.0       0.0002024           4.446
0     1000.0       0.0002442           4.164
0     1000.0       0.0002947           3.898
0     1000.0       0.0003556           3.648
0     1000.0       0.0004292           3.413
0     1000.0       0.0005179           3.192
0     1000.0       0.0006251           2.984
0     1000.0       0.0007543           2.789
0     1000.0       0.0009103           2.604
0     1000.0        0.001099            2.43
0     1000.0        0.001326           2.266
0     1000.0          0.0016           2.111
0     1000.0        0.001931           1.966
0     1000.0         0.00233           1.828
0     1000.0        0.002812           1.699
0     1000.0        0.003393           1.578
0     1000.0        0.004095           1.464
0     1000.0        0.004942           1.358
0     1000.0        0.005964           1.259
0     1000.0        0.007197           1.168
0     1000.0        0.008685           1.085
0     1000.0         0.01048           1.005
0     1000.0         0.01265          0.9306
0     1000.0         0.01526           0.862
0     1000.0         0.01842          0.7981
0     1000.0         0.02223           0.739
0     1000.0         0.02683          0.6843
0     1000.0         0.03237          0.6339
0     1000.0         0.03907          0.5876
0     1000.0         0.04715           0.545
0     1000.0          0.0569          0.5061
0     1000.0         0.06866          0.4705
0     1000.0         0.08286          0.4379
0     1000.0             0.1          0.4075
0     1000.0           0.101          0.4059
0     1000.0          0.1191          0.3802
0     1000.0          0.1373          0.3582
0     1000.0          0.1554          0.3383
0     1000.0          0.1736          0.3197
0     1000.0          0.1917          0.3019
0     1000.0          0.2099          0.2846
0     1000.0           0.228          0.2677
0     1000.0          0.2461          0.2511
0     1000.0          0.2643          0.2348
0     1000.0          0.2824          0.2189
0     1000.0          0.3006          0.2034
0     1000.0          0.3187          0.1883
0     1000.0          0.3369          0.1736
0     1000.0           0.355          0.1595
0     1000.0          0.3731           0.146
0     1000.0          0.3913           0.133
0     1000.0          0.4094          0.1207
0     1000.0          0.4276          0.1091
0     1000.0          0.4457         0.09809
0     1000.0          0.4639          0.0878
0     1000.0           0.482          0.0782
0     1000.0          0.5001         0.06928
0     1000.0          0.5183         0.06106
0     1000.0          0.5364         0.05352
0     1000.0          0.5546         0.04655
0     1000.0          0.5727         0.04028
0     1000.0          0.5909          0.0346
0     1000.0           0.609          0.0295
0     1000.0          0.6271         0.02495
0     1000.0          0.6453         0.02091
0     1000.0          0.6634         0.01737
0     1000.0          0.6816         0.01427
0     1000.0          0.6997         0.01159
0     1000.0          0.7179        0.009292
0     1000.0           0.736        0.007342
0     1000.0          0.7541        0.005706
0     1000.0          0.7723        0.004352
0     1000.0          0.7904        0.003247
0     1000.0          0.8086        0.002363
0     1000.0          0.8267        0.001664
0     1000.0          0.8449         0.00113
0     1000.0           0.863       0.0007316
0     1000.0          0.8811       0.0004464
0     1000.0          0.8993       0.0002514
0     1000.0          0.9174       0.0001278
0     1000.0          0.9356       5.437e-05
0     1000.0          0.9537       1.752e-05
0     1000.0          0.9719       3.204e-06
0     1000.0            0.99       9.335e-08
1        5.0           1e-05           1.756
1        5.0       1.207e-05            1.58
1        5.0       1.456e-05           1.452
1        5.0       1.758e-05           1.366
1        5.0       2.121e-05            1.31
1        5.0        2.56e-05           1.273
1        5.0       3.089e-05           1.247
1        5.0       3.728e-05           1.233
1        5.0       4.498e-05           1.229
1        5.0       5.429e-05           1.227
1        5.0       6.551e-05           1.215
1        5.0       7.906e-05           1.201
1        5.0       9.541e-05           1.185
1        5.0       0.0001151           1.166
1        5.0       0.0001389           1.147
1        5.0       0.0001677           1.125
1        5.0       0.0002024           1.102
1        5.0       0.0002442           1.077
1        5.0       0.0002947           1.052
1        5.0       0.0003556           1.027
1        5.0       0.0004292           1.001
1        5.0       0.0005179          0.9762
1        5.0       0.0006251           0.951
1        5.0       0.0007543          0.9245
1        5.0       0.0009103          0.8982
1        5.0        0.001099          0.8724
1        5.0        0.001326          0.8462
1        5.0          0.0016          0.8142
1        5.0        0.001931          0.7855
1        5.0         0.00233          0.7584
1        5.0        0.002812          0.7311
1        5.0        0.003393          0.7039
1        5.0        0.004095          0.6775
1        5.0        0.004942          0.6504
1        5.0        0.005964          0.6232
1        5.0        0.007197          0.5993
1        5.0        0.008685          0.5769
1        5.0         0.01048          0.5561
1        5.0         0.01265          0.5369
1        5.0         0.01526          0.5189
1        5.0         0.01842          0.5031
1        5.0         0.02223           0.489
1        5.0         0.02683          0.4764
1        5.0         0.03237          0.4651
1        5.0         0.03907          0.4554
1        5.0         0.04715          0.4443
1        5.0          0.0569          0.4307
1        5.0         0.06866          0.4152
1        5.0         0.08286           0.409
1        5.0             0.1          0.4012
1        5.0           0.101          0.4005
1        5.0          0.1191          0.3898
1        5.0          0.1373          0.3833
1        5.0          0.1554          0.3768
1        5.0          0.1736          0.3701
1        5.0          0.1917          0.3623
1        5.0          0.2099          0.3525
1        5.0           0.228          0.3425
1        5.0          0.2461          0.3312
1        5.0          0.2643          0.3194
1        5.0          0.2824          0.3074
1        5.0          0.3006          0.2937
1        5.0          0.3187          0.2795
1        5.0          0.3369          0.2653
1        5.0           0.355          0.2517
1        5.0          0.3731          0.2374
1        5.0          0.3913          0.2216
1        5.0          0.4094          0.2065
1        5.0          0.4276          0.1917
1        5.0          0.4457          0.1777
1        5.0          0.4639           0.164
1        5.0           0.482          0.1498
1        5.0          0.5001          0.1358
1        5.0          0.5183          0.1239
1        5.0          0.5364          0.1123
1        5.0          0.5546          0.1013
1        5.0          0.5727         0.09252
1        5.0          0.5909         0.08291
1        5.0           0.609         0.07214
1        5.0          0.6271          0.0638
1        5.0          0.6453         0.05617
1        5.0          0.6634         0.05048
1        5.0          0.6816         0.04369
1        5.0          0.6997         0.03812
1        5.0          0.7179         0.03322
1        5.0           0.736         0.02801
1        5.0          0.7541         0.02313
1        5.0          0.7723         0.01936
1        5.0          0.7904         0.01708
1        5.0          0.8086         0.01488
1        5.0          0.8267         0.01279
1        5.0          0.8449         0.01079
1        5.0           0.863        0.008984
1        5.0          0.8811        0.007412
1        5.0          0.8993        0.006303
1        5.0          0.9174        0.005305
1        5.0          0.9356        0.004442
1        5.0          0.9537        0.003825
1        5.0          0.9719         0.00334
1        5.0            0.99          0.0028
1       10.0           1e-05           2.148
1       10.0       1.207e-05            1.97
1       10.0       1.456e-05           1.838
1       10.0       1.758e-05           1.745
1       10.0       2.121e-05            1.68
1       10.0        2.56e-05           1.633
1       10.0       3.089e-05           1.597
1       10.0       3.728e-05           1.573
1       10.0       4.498e-05           1.557
1       10.0       5.429e-05           1.543
1       10.0       6.551e-05           1.521
1       10.0       7.906e-05           1.496
1       10.0       9.541e-05            1.47
1       10.0       0.0001151           1.442
1       10.0       0.0001389           1.413
1       10.0       0.0001677           1.381
1       10.0       0.0002024           1.348
1       10.0       0.0002442           1.313
1       10.0       0.0002947           1.278
1       10.0       0.0003556           1.244
1       10.0       0.0004292           1.209
1       10.0       0.0005179           1.175
1       10.0       0.0006251           1.141
1       10.0       0.0007543           1.105
1       10.0       0.0009103            1.07
1       10.0        0.001099           1.036
1       10.0        0.001326               1
1       10.0          0.0016          0.9602
1       10.0        0.001931          0.9231
1       10.0         0.00233          0.8875
1       10.0        0.002812          0.8518
1       10.0        0.003393          0.8165
1       10.0        0.004095          0.7819
1       10.0        0.004942           0.747
1       10.0        0.005964          0.7125
1       10.0        0.007197          0.6813
1       10.0        0.008685          0.6518
1       10.0         0.01048           0.624
1       10.0         0.01265          0.5979
1       10.0         0.01526          0.5735
1       10.0         0.01842          0.5513
1       10.0         0.02223           0.531
1       10.0         0.02683          0.5125
1       10.0         0.03237          0.4956
1       10.0         0.03907          0.4803
1       10.0         0.04715          0.4641
1       10.0          0.0569          0.4462
1       10.0         0.06866          0.4276
1       10.0         0.08286           0.417
1       10.0             0.1          0.4052
1       10.0           0.101          0.4044
1       10.0          0.1191          0.3913
1       10.0          0.1373          0.3821
1       10.0          0.1554          0.3734
1       10.0          0.1736          0.3646
1       10.0          0.1917           0.355
1       10.0          0.2099          0.3438
1       10.0           0.228          0.3326
1       10.0          0.2461          0.3203
1       10.0          0.2643          0.3078
1       10.0          0.2824          0.2951
1       10.0          0.3006          0.2808
1       10.0          0.3187          0.2664
1       10.0          0.3369          0.2521
1       10.0           0.355          0.2383
1       10.0          0.3731          0.2233
1       10.0          0.3913          0.2077
1       10.0          0.4094          0.1928
1       10.0          0.4276          0.1782
1       10.0          0.4457          0.1644
1       10.0          0.4639          0.1505
1       10.0           0.482          0.1361
1       10.0          0.5001          0.1233
1       10.0          0.5183          0.1118
1       10.0          0.5364          0.1001
1       10.0          0.5546         0.09077
1       10.0          0.5727         0.08083
1       10.0          0.5909         0.06989
1       10.0           0.609         0.06138
1       10.0          0.6271         0.05351
1       10.0          0.6453         0.04751
1       10.0          0.6634         0.04023
1       10.0          0.6816         0.03495
1       10.0          0.6997         0.02921
1       10.0          0.7179         0.02383
1       10.0           0.736         0.01957
1       10.0          0.7541         0.01696
1       10.0          0.7723         0.01444
1       10.0          0.7904         0.01206
1       10.0          0.8086        0.009869
1       10.0          0.8267        0.007924
1       10.0          0.8449        0.006536
1       10.0           0.863        0.005341
1       10.0          0.8811        0.004393
1       10.0          0.8993        0.003711
1       10.0          0.9174        0.003059
1       10.0          0.9356        0.002333
1       10.0          0.9537        0.001786
1       10.0          0.9719        0.001376
1       10.0            0.99        0.001078
1      100.0           1e-05           4.909
1      100.0       1.207e-05           4.623
1      100.0       1.456e-05           4.382
1      100.0       1.758e-05           4.179
1      100.0       2.121e-05           4.003
1      100.0        2.56e-05           3.846
1      100.0       3.089e-05           3.704
1      100.0       3.728e-05           3.576
1      100.0       4.498e-05           3.457
1      100.0       5.429e-05           3.341
1      100.0       6.551e-05           3.224
1      100.0       7.906e-05           3.109
1      100.0       9.541e-05           2.996
1      100.0       0.0001151           2.884
1      100.0       0.0001389           2.773
1      100.0       0.0001677           2.663
1      100.0       0.0002024           2.555
1      100.0       0.0002442           2.448
1      100.0       0.0002947           2.344
1      100.0       0.0003556           2.243
1      100.0       0.0004292           2.145
1      100.0       0.0005179            2.05
1      100.0       0.0006251           1.957
1      100.0       0.0007543           1.866
1      100.0       0.0009103           1.778
1      100.0        0.001099           1.691
1      100.0        0.001326           1.605
1      100.0          0.0016            1.52
1      100.0        0.001931           1.438
1      100.0         0.00233            1.36
1      100.0        0.002812           1.284
1      100.0        0.003393            1.21
1      100.0        0.004095           1.138
1      100.0        0.004942           1.069
1      100.0        0.005964           1.003
1      100.0        0.007197          0.9417
1      100.0        0.008685          0.8836
1      100.0         0.01048          0.8291
1      100.0         0.01265          0.7779
1      100.0         0.01526          0.7302
1      100.0         0.01842          0.6862
1      100.0         0.02223          0.6456
1      100.0         0.02683          0.6083
1      100.0         0.03237          0.5742
1      100.0         0.03907          0.5425
1      100.0         0.04715          0.5117
1      100.0          0.0569          0.4818
1      100.0         0.06866          0.4538
1      100.0         0.08286          0.4316
1      100.0             0.1          0.4097
1      100.0           0.101          0.4084
1      100.0          0.1191          0.3887
1      100.0          0.1373          0.3727
1      100.0          0.1554          0.3581
1      100.0          0.1736          0.3441
1      100.0          0.1917          0.3299
1      100.0          0.2099          0.3154
1      100.0           0.228           0.301
1      100.0          0.2461          0.2864
1      100.0          0.2643          0.2719
1      100.0          0.2824          0.2573
1      100.0          0.3006           0.242
1      100.0          0.3187          0.2272
1      100.0          0.3369          0.2126
1      100.0           0.355          0.1983
1      100.0          0.3731          0.1833
1      100.0          0.3913          0.1688
1      100.0          0.4094          0.1548
1      100.0          0.4276          0.1414
1      100.0          0.4457          0.1286
1      100.0          0.4639          0.1157
1      100.0           0.482          0.1037
1      100.0          0.5001         0.09304
1      100.0          0.5183          0.0825
1      100.0          0.5364         0.07361
1      100.0          0.5546         0.06463
1      100.0          0.5727         0.05545
1      100.0          0.5909         0.04797
1      100.0           0.609         0.04114
1      100.0          0.6271         0.03561
1      100.0          0.6453         0.02976
1      100.0          0.6634         0.02493
1      100.0          0.6816         0.02023
1      100.0          0.6997         0.01618
1      100.0          0.7179         0.01356
1      100.0           0.736         0.01127
1      100.0          0.7541        0.009129
1      100.0          0.7723        0.007242
1      100.0          0.7904        0.005688
1      100.0          0.8086        0.004553
1      100.0          0.8267        0.003593
1      100.0          0.8449        0.002888
1      100.0           0.863        0.002254
1      100.0          0.8811        0.001634
1      100.0          0.8993        0.001186
1      100.0          0.9174       0.0008589
1      100.0          0.9356       0.0006113
1      100.0          0.9537       0.0003542
1      100.0          0.9719        0.000195
1      100.0            0.99       5.118e-05
1     1000.0           1e-05           9.588
1     1000.0       1.207e-05           9.035
1     1000.0       1.456e-05           8.537
1     1000.0       1.758e-05           8.086
1     1000.0       2.121e-05           7.671
1     1000.0        2.56e-05           7.287
1     1000.0       3.089e-05           6.929
1     1000.0       3.728e-05           6.593
1     1000.0       4.498e-05           6.276
1     1000.0       5.429e-05           5.972
1     1000.0       6.551e-05           5.677
1     1000.0       7.906e-05           5.394
1     1000.0       9.541e-05           5.121
1     1000.0       0.0001151           4.859
1     1000.0       0.0001389           4.606
1     1000.0       0.0001677           4.361
1     1000.0       0.0002024           4.126
1     1000.0       0.0002442             3.9
1     1000.0       0.0002947           3.684
1     1000.0       0.0003556           3.477
1     1000.0       0.0004292            3.28
1     1000.0       0.0005179           3.092
1     1000.0       0.0006251           2.911
1     1000.0       0.0007543           2.738
1     1000.0       0.0009103           2.572
1     1000.0        0.001099           2.413
1     1000.0        0.001326            2.26
1     1000.0          0.0016           2.112
1     1000.0        0.001931           1.972
1     1000.0         0.00233            1.84
1     1000.0        0.002812           1.713
1     1000.0        0.003393           1.593
1     1000.0        0.004095           1.478
1     1000.0        0.004942            1.37
1     1000.0        0.005964           1.268
1     1000.0        0.007197           1.174
1     1000.0        0.008685           1.086
1     1000.0         0.01048           1.003
1     1000.0         0.01265          0.9275
1     1000.0         0.01526          0.8573
1     1000.0         0.01842          0.7929
1     1000.0         0.02223           0.734
1     1000.0         0.02683          0.6804
1     1000.0         0.03237          0.6317
1     1000.0         0.03907          0.5868
1     1000.0         0.04715          0.5447
1     1000.0          0.0569          0.5054
1     1000.0         0.06866          0.4697
1     1000.0         0.08286          0.4391
1     1000.0             0.1            0.41
1     1000.0           0.101          0.4085
1     1000.0          0.1191          0.3835
1     1000.0          0.1373          0.3628
1     1000.0          0.1554          0.3442
1     1000.0          0.1736          0.3267
1     1000.0          0.1917          0.3097
1     1000.0          0.2099          0.2929
1     1000.0           0.228          0.2767
1     1000.0          0.2461          0.2607
1     1000.0          0.2643           0.245
1     1000.0          0.2824          0.2295
1     1000.0          0.3006          0.2139
1     1000.0          0.3187          0.1989
1     1000.0          0.3369          0.1844
1     1000.0           0.355          0.1702
1     1000.0          0.3731          0.1559
1     1000.0          0.3913          0.1423
1     1000.0          0.4094          0.1294
1     1000.0          0.4276          0.1171
1     1000.0          0.4457          0.1054
1     1000.0          0.4639           0.094
1     1000.0           0.482         0.08368
1     1000.0          0.5001         0.07421
1     1000.0          0.5183         0.06533
1     1000.0          0.5364         0.05762
1     1000.0          0.5546         0.04984
1     1000.0          0.5727         0.04257
1     1000.0          0.5909         0.03649
1     1000.0           0.609         0.03097
1     1000.0          0.6271         0.02638
1     1000.0          0.6453          0.0219
1     1000.0          0.6634         0.01803
1     1000.0          0.6816          0.0145
1     1000.0          0.6997         0.01167
1     1000.0          0.7179        0.009699
1     1000.0           0.736        0.007912
1     1000.0          0.7541         0.00631
1     1000.0          0.7723        0.004947
1     1000.0          0.7904        0.003883
1     1000.0          0.8086         0.00306
1     1000.0          0.8267        0.002399
1     1000.0          0.8449        0.001884
1     1000.0           0.863        0.001402
1     1000.0          0.8811       0.0009978
1     1000.0          0.8993       0.0007107
1     1000.0          0.9174       0.0005009
1     1000.0          0.9356       0.0003181
1     1000.0          0.9537       0.0001697
1     1000.0          0.9719       7.022e-05
1     1000.0            0.99       8.161e-06
2        5.0           1e-05           1.881
2        5.0       1.207e-05           1.782
2        5.0       1.456e-05           1.688
2        5.0       1.758e-05           1.582
2        5.0       2.121e-05           1.482
2        5.0        2.56e-05             1.4
2        5.0       3.089e-05           1.334
2        5.0       3.728e-05           1.286
2        5.0       4.498e-05           1.246
2        5.0       5.429e-05           1.207
2        5.0       6.551e-05           1.167
2        5.0       7.906e-05           1.129
2        5.0       9.541e-05           1.092
2        5.0       0.0001151           1.055
2        5.0       0.0001389           1.019
2        5.0       0.0001677          0.9833
2        5.0       0.0002024           0.949
2        5.0       0.0002442          0.9158
2        5.0       0.0002947          0.8838
2        5.0       0.0003556          0.8529
2        5.0       0.0004292          0.8231
2        5.0       0.0005179          0.7945
2        5.0       0.0006251          0.7672
2        5.0       0.0007543          0.7409
2        5.0       0.0009103          0.7154
2        5.0        0.001099          0.6907
2        5.0        0.001326          0.6669
2        5.0          0.0016          0.6439
2        5.0        0.001931          0.6218
2        5.0         0.00233          0.6005
2        5.0        0.002812          0.5801
2        5.0        0.003393          0.5606
2        5.0        0.004095           0.542
2        5.0        0.004942          0.5242
2        5.0        0.005964          0.5073
2        5.0        0.007197          0.4913
2        5.0        0.008685           0.476
2        5.0         0.01048          0.4615
2        5.0         0.01265           0.448
2        5.0         0.01526           0.436
2        5.0         0.01842           0.425
2        5.0         0.02223          0.4153
2        5.0         0.02683          0.4066
2        5.0         0.03237           0.398
2        5.0         0.03907          0.3893
2        5.0         0.04715          0.3826
2        5.0          0.0569          0.3773
2        5.0         0.06866          0.3722
2        5.0         0.08286          0.3681
2        5.0             0.1          0.3636
2        5.0           0.101          0.3633
2        5.0          0.1191          0.3597
2        5.0          0.1373          0.3569
2        5.0          0.1554          0.3532
2        5.0          0.1736          0.3495
2        5.0          0.1917          0.3441
2        5.0          0.2099          0.3373
2        5.0           0.228          0.3294
2        5.0          0.2461          0.3208
2        5.0          0.2643          0.3114
2        5.0          0.2824          0.3012
2        5.0          0.3006          0.2899
2        5.0          0.3187          0.2776
2        5.0          0.3369          0.2653
2        5.0           0.355           0.253
2        5.0          0.3731          0.2406
2        5.0          0.3913          0.2281
2        5.0          0.4094          0.2152
2        5.0          0.4276          0.2022
2        5.0          0.4457          0.1892
2        5.0          0.4639          0.1761
2        5.0           0.482          0.1637
2        5.0          0.5001          0.1511
2        5.0          0.5183          0.1392
2        5.0          0.5364          0.1278
2        5.0          0.5546          0.1165
2        5.0          0.5727          0.1064
2        5.0          0.5909         0.09698
2        5.0           0.609         0.08779
2        5.0          0.6271         0.07949
2        5.0          0.6453         0.06958
2        5.0          0.6634         0.06479
2        5.0          0.6816         0.05618
2        5.0          0.6997         0.04824
2        5.0          0.7179         0.04276
2        5.0           0.736          0.0374
2        5.0          0.7541          0.0323
2        5.0          0.7723         0.02776
2        5.0          0.7904         0.02406
2        5.0          0.8086         0.02076
2        5.0          0.8267         0.01772
2        5.0          0.8449         0.01503
2        5.0           0.863         0.01273
2        5.0          0.8811         0.01083
2        5.0          0.8993        0.009227
2        5.0          0.9174        0.007862
2        5.0          0.9356        0.006639
2        5.0          0.9537        0.005577
2        5.0          0.9719        0.004646
2        5.0            0.99        0.003835
2       10.0           1e-05           2.705
2       10.0       1.207e-05           2.556
2       10.0       1.456e-05           2.411
2       10.0       1.758e-05           2.266
2       10.0       2.121e-05            2.13
2       10.0        2.56e-05           2.014
2       10.0       3.089e-05           1.915
2       10.0       3.728e-05           1.833
2       10.0       4.498e-05           1.761
2       10.0       5.429e-05           1.693
2       10.0       6.551e-05           1.627
2       10.0       7.906e-05           1.564
2       10.0       9.541e-05           1.503
2       10.0       0.0001151           1.445
2       10.0       0.0001389           1.388
2       10.0       0.0001677           1.333
2       10.0       0.0002024            1.28
2       10.0       0.0002442           1.229
2       10.0       0.0002947           1.179
2       10.0       0.0003556           1.132
2       10.0       0.0004292           1.086
2       10.0       0.0005179           1.042
2       10.0       0.0006251               1
2       10.0       0.0007543          0.9598
2       10.0       0.0009103          0.9208
2       10.0        0.001099          0.8832
2       10.0        0.001326           0.847
2       10.0          0.0016          0.8122
2       10.0        0.001931          0.7787
2       10.0         0.00233          0.7467
2       10.0        0.002812           0.716
2       10.0        0.003393          0.6866
2       10.0        0.004095          0.6585
2       10.0        0.004942          0.6317
2       10.0        0.005964          0.6062
2       10.0        0.007197           0.582
2       10.0        0.008685          0.5589
2       10.0         0.01048           0.537
2       10.0         0.01265          0.5166
2       10.0         0.01526          0.4979
2       10.0         0.01842          0.4806
2       10.0         0.02223          0.4647
2       10.0         0.02683          0.4498
2       10.0         0.03237          0.4355
2       10.0         0.03907           0.422
2       10.0         0.04715          0.4104
2       10.0          0.0569          0.4002
2       10.0         0.06866          0.3905
2       10.0         0.08286          0.3821
2       10.0             0.1          0.3737
2       10.0           0.101          0.3732
2       10.0          0.1191           0.366
2       10.0          0.1373          0.3599
2       10.0          0.1554          0.3535
2       10.0          0.1736           0.347
2       10.0          0.1917          0.3392
2       10.0          0.2099          0.3303
2       10.0           0.228          0.3206
2       10.0          0.2461          0.3103
2       10.0          0.2643          0.2993
2       10.0          0.2824          0.2875
2       10.0          0.3006           0.275
2       10.0          0.3187           0.262
2       10.0          0.3369          0.2488
2       10.0           0.355           0.236
2       10.0          0.3731          0.2227
2       10.0          0.3913          0.2096
2       10.0          0.4094          0.1962
2       10.0          0.4276          0.1829
2       10.0          0.4457          0.1696
2       10.0          0.4639          0.1568
2       10.0           0.482           0.144
2       10.0          0.5001          0.1318
2       10.0          0.5183          0.1202
2       10.0          0.5364          0.1088
2       10.0          0.5546         0.09843
2       10.0          0.5727         0.08882
2       10.0          0.5909         0.07959
2       10.0           0.609         0.07104
2       10.0          0.6271         0.06175
2       10.0          0.6453         0.05647
2       10.0          0.6634         0.04729
2       10.0          0.6816          0.0409
2       10.0          0.6997         0.03524
2       10.0          0.7179         0.02995
2       10.0           0.736         0.02523
2       10.0          0.7541         0.02138
2       10.0          0.7723         0.01796
2       10.0          0.7904          0.0149
2       10.0          0.8086          0.0123
2       10.0          0.8267         0.01016
2       10.0          0.8449        0.008392
2       10.0           0.863        0.006904
2       10.0          0.8811        0.005611
2       10.0          0.8993        0.004506
2       10.0          0.9174        0.003564
2       10.0          0.9356        0.002772
2       10.0          0.9537        0.002111
2       10.0          0.9719        0.001594
2       10.0            0.99        0.001173
2      100.0           1e-05           6.435
2      100.0       1.207e-05           6.064
2      100.0       1.456e-05           5.709
2      100.0       1.758e-05           5.372
2      100.0       2.121e-05           5.058
2      100.0        2.56e-05           4.772
2      100.0       3.089e-05           4.514
2      100.0       3.728e-05           4.279
2      100.0       4.498e-05           4.062
2      100.0       5.429e-05           3.859
2      100.0       6.551e-05           3.667
2      100.0       7.906e-05           3.484
2      100.0       9.541e-05            3.31
2      100.0       0.0001151           3.144
2      100.0       0.0001389           2.984
2      100.0       0.0001677           2.831
2      100.0       0.0002024           2.685
2      100.0       0.0002442           2.545
2      100.0       0.0002947           2.411
2      100.0       0.0003556           2.283
2      100.0       0.0004292            2.16
2      100.0       0.0005179           2.043
2      100.0       0.0006251           1.932
2      100.0       0.0007543           1.825
2      100.0       0.0009103           1.723
2      100.0        0.001099           1.626
2      100.0        0.001326           1.534
2      100.0          0.0016           1.446
2      100.0        0.001931           1.362
2      100.0         0.00233           1.283
2      100.0        0.002812           1.208
2      100.0        0.003393           1.136
2      100.0        0.004095           1.069
2      100.0        0.004942           1.005
2      100.0        0.005964          0.9443
2      100.0        0.007197          0.8873
2      100.0        0.008685          0.8336
2      100.0         0.01048          0.7832
2      100.0         0.01265          0.7362
2      100.0         0.01526          0.6925
2      100.0         0.01842           0.652
2      100.0         0.02223          0.6142
2      100.0         0.02683           0.579
2      100.0         0.03237          0.5459
2      100.0         0.03907          0.5153
2      100.0         0.04715          0.4871
2      100.0          0.0569           0.461
2      100.0         0.06866          0.4367
2      100.0         0.08286          0.4144
2      100.0             0.1          0.3932
2      100.0           0.101          0.3921
2      100.0          0.1191          0.3744
2      100.0          0.1373          0.3592
2      100.0          0.1554          0.3451
2      100.0          0.1736          0.3315
2      100.0          0.1917          0.3176
2      100.0          0.2099          0.3036
2      100.0           0.228          0.2895
2      100.0          0.2461          0.2753
2      100.0          0.2643          0.2609
2      100.0          0.2824          0.2463
2      100.0          0.3006          0.2316
2      100.0          0.3187          0.2172
2      100.0          0.3369          0.2029
2      100.0           0.355           0.189
2      100.0          0.3731          0.1752
2      100.0          0.3913          0.1617
2      100.0          0.4094          0.1485
2      100.0          0.4276          0.1357
2      100.0          0.4457          0.1234
2      100.0          0.4639          0.1117
2      100.0           0.482          0.1005
2      100.0          0.5001         0.09002
2      100.0          0.5183         0.08012
2      100.0          0.5364         0.07104
2      100.0          0.5546         0.06268
2      100.0          0.5727         0.05486
2      100.0          0.5909          0.0477
2      100.0           0.609         0.04111
2      100.0          0.6271          0.0352
2      100.0          0.6453         0.02994
2      100.0          0.6634         0.02518
2      100.0          0.6816         0.02088
2      100.0          0.6997         0.01709
2      100.0          0.7179         0.01398
2      100.0           0.736         0.01133
2      100.0          0.7541        0.009063
2      100.0          0.7723        0.007199
2      100.0          0.7904        0.005695
2      100.0          0.8086        0.004468
2      100.0          0.8267        0.003446
2      100.0          0.8449        0.002605
2      100.0           0.863        0.001922
2      100.0          0.8811        0.001377
2      100.0          0.8993       0.0009557
2      100.0          0.9174       0.0006373
2      100.0          0.9356         0.00039
2      100.0          0.9537       0.0002102
2      100.0          0.9719       9.298e-05
2      100.0            0.99       2.694e-05
2     1000.0           1e-05           11.54
2     1000.0       1.207e-05           10.84
2     1000.0       1.456e-05           10.18
2     1000.0       1.758e-05           9.558
2     1000.0       2.121e-05           8.977
2     1000.0        2.56e-05           8.439
2     1000.0       3.089e-05           7.943
2     1000.0       3.728e-05           7.484
2     1000.0       4.498e-05           7.055
2     1000.0       5.429e-05           6.651
2     1000.0       6.551e-05            6.27
2     1000.0       7.906e-05           5.909
2     1000.0       9.541e-05           5.567
2     1000.0       0.0001151           5.241
2     1000.0       0.0001389           4.932
2     1000.0       0.0001677           4.637
2     1000.0       0.0002024           4.358
2     1000.0       0.0002442           4.092
2     1000.0       0.0002947           3.839
2     1000.0       0.0003556             3.6
2     1000.0       0.0004292           3.373
2     1000.0       0.0005179           3.158
2     1000.0       0.0006251           2.954
2     1000.0       0.0007543           2.761
2     1000.0       0.0009103           2.579
2     1000.0        0.001099           2.407
2     1000.0        0.001326           2.245
2     1000.0          0.0016           2.091
2     1000.0        0.001931           1.947
2     1000.0         0.00233           1.811
2     1000.0        0.002812           1.684
2     1000.0        0.003393           1.564
2     1000.0        0.004095           1.452
2     1000.0        0.004942           1.346
2     1000.0        0.005964           1.248
2     1000.0        0.007197           1.156
2     1000.0        0.008685            1.07
2     1000.0         0.01048          0.9906
2     1000.0         0.01265          0.9168
2     1000.0         0.01526          0.8487
2     1000.0         0.01842          0.7857
2     1000.0         0.02223          0.7276
2     1000.0         0.02683          0.6739
2     1000.0         0.03237          0.6242
2     1000.0         0.03907          0.5785
2     1000.0         0.04715          0.5366
2     1000.0          0.0569          0.4981
2     1000.0         0.06866          0.4627
2     1000.0         0.08286          0.4305
2     1000.0             0.1          0.4003
2     1000.0           0.101          0.3987
2     1000.0          0.1191          0.3738
2     1000.0          0.1373          0.3527
2     1000.0          0.1554          0.3336
2     1000.0          0.1736          0.3156
2     1000.0          0.1917          0.2982
2     1000.0          0.2099          0.2813
2     1000.0           0.228          0.2648
2     1000.0          0.2461          0.2486
2     1000.0          0.2643          0.2326
2     1000.0          0.2824          0.2169
2     1000.0          0.3006          0.2016
2     1000.0          0.3187          0.1867
2     1000.0          0.3369          0.1724
2     1000.0           0.355          0.1585
2     1000.0          0.3731          0.1451
2     1000.0          0.3913          0.1323
2     1000.0          0.4094            0.12
2     1000.0          0.4276          0.1082
2     1000.0          0.4457         0.09719
2     1000.0          0.4639         0.08681
2     1000.0           0.482         0.07714
2     1000.0          0.5001         0.06818
2     1000.0          0.5183         0.05991
2     1000.0          0.5364         0.05241
2     1000.0          0.5546         0.04554
2     1000.0          0.5727         0.03928
2     1000.0          0.5909         0.03363
2     1000.0           0.609         0.02854
2     1000.0          0.6271         0.02408
2     1000.0          0.6453         0.02011
2     1000.0          0.6634          0.0166
2     1000.0          0.6816         0.01354
2     1000.0          0.6997         0.01094
2     1000.0          0.7179        0.008804
2     1000.0           0.736        0.007005
2     1000.0          0.7541        0.005514
2     1000.0          0.7723        0.004307
2     1000.0          0.7904        0.003339
2     1000.0          0.8086        0.002553
2     1000.0          0.8267        0.001913
2     1000.0          0.8449        0.001399
2     1000.0           0.863       0.0009948
2     1000.0          0.8811       0.0006831
2     1000.0          0.8993       0.0004511
2     1000.0          0.9174       0.0002787
2     1000.0          0.9356       0.0001539
2     1000.0          0.9537       7.185e-05
2     1000.0          0.9719       2.498e-05
2     1000.0            0.99       3.558e-06
3        5.0           1e-05           1.838
3        5.0       1.207e-05            1.77
3        5.0       1.456e-05           1.705
3        5.0       1.758e-05           1.642
3        5.0       2.121e-05           1.582
3        5.0        2.56e-05           1.523
3        5.0       3.089e-05           1.467
3        5.0       3.728e-05           1.413
3        5.0       4.498e-05           1.362
3        5.0       5.429e-05           1.312
3        5.0       6.551e-05           1.264
3        5.0       7.906e-05           1.218
3        5.0       9.541e-05           1.173
3        5.0       0.0001151           1.131
3        5.0       0.0001389            1.09
3        5.0       0.0001677            1.05
3        5.0       0.0002024           1.012
3        5.0       0.0002442          0.9758
3        5.0       0.0002947          0.9407
3        5.0       0.0003556          0.9071
3        5.0       0.0004292          0.8747
3        5.0       0.0005179          0.8437
3        5.0       0.0006251          0.8139
3        5.0       0.0007543          0.7853
3        5.0       0.0009103          0.7578
3        5.0        0.001099          0.7314
3        5.0        0.001326           0.706
3        5.0          0.0016          0.6817
3        5.0        0.001931          0.6583
3        5.0         0.00233          0.6359
3        5.0        0.002812          0.6143
3        5.0        0.003393          0.5935
3        5.0        0.004095          0.5735
3        5.0        0.004942          0.5542
3        5.0        0.005964          0.5357
3        5.0        0.007197          0.5179
3        5.0        0.008685          0.5009
3        5.0         0.01048          0.4846
3        5.0         0.01265          0.4694
3        5.0         0.01526          0.4551
3        5.0         0.01842          0.4422
3        5.0         0.02223          0.4307
3        5.0         0.02683          0.4208
3        5.0         0.03237          0.4126
3        5.0         0.03907          0.4062
3        5.0         0.04715          0.4012
3        5.0          0.0569          0.3972
3        5.0         0.06866          0.3937
3        5.0         0.08286          0.3898
3        5.0             0.1           0.385
3        5.0           0.101          0.3847
3        5.0          0.1191          0.3792
3        5.0          0.1373          0.3735
3        5.0          0.1554          0.3674
3        5.0          0.1736          0.3609
3        5.0          0.1917          0.3539
3        5.0          0.2099          0.3463
3        5.0           0.228          0.3379
3        5.0          0.2461          0.3287
3        5.0          0.2643          0.3188
3        5.0          0.2824          0.3081
3        5.0          0.3006          0.2968
3        5.0          0.3187          0.2849
3        5.0          0.3369          0.2726
3        5.0           0.355            0.26
3        5.0          0.3731          0.2471
3        5.0          0.3913          0.2342
3        5.0          0.4094          0.2212
3        5.0          0.4276          0.2083
3        5.0          0.4457          0.1956
3        5.0          0.4639          0.1831
3        5.0           0.482          0.1709
3        5.0          0.5001          0.1591
3        5.0          0.5183          0.1476
3        5.0          0.5364          0.1366
3        5.0          0.5546           0.126
3        5.0          0.5727          0.1159
3        5.0          0.5909          0.1062
3        5.0           0.609         0.09709
3        5.0          0.6271         0.08842
3        5.0          0.6453         0.08025
3        5.0          0.6634         0.07256
3        5.0          0.6816         0.06536
3        5.0          0.6997         0.05864
3        5.0          0.7179         0.05239
3        5.0           0.736         0.04659
3        5.0          0.7541         0.04124
3        5.0          0.7723         0.03631
3        5.0          0.7904          0.0318
3        5.0          0.8086         0.02768
3        5.0          0.8267         0.02395
3        5.0          0.8449         0.02057
3        5.0           0.863         0.01754
3        5.0          0.8811         0.01484
3        5.0          0.8993         0.01244
3        5.0          0.9174         0.01032
3        5.0          0.9356        0.008478
3        5.0          0.9537        0.006882
3        5.0          0.9719        0.005516
3        5.0            0.99        0.004379
3       10.0           1e-05           2.604
3       10.0       1.207e-05           2.501
3       10.0       1.456e-05           2.402
3       10.0       1.758e-05           2.307
3       10.0       2.121e-05           2.215
3       10.0        2.56e-05           2.127
3       10.0       3.089e-05           2.043
3       10.0       3.728e-05           1.961
3       10.0       4.498e-05           1.882
3       10.0       5.429e-05           1.807
3       10.0       6.551e-05           1.734
3       10.0       7.906e-05           1.664
3       10.0       9.541e-05           1.597
3       10.0       0.0001151           1.533
3       10.0       0.0001389            1.47
3       10.0       0.0001677           1.411
3       10.0       0.0002024           1.353
3       10.0       0.0002442           1.298
3       10.0       0.0002947           1.245
3       10.0       0.0003556           1.194
3       10.0       0.0004292           1.145
3       10.0       0.0005179           1.098
3       10.0       0.0006251           1.053
3       10.0       0.0007543            1.01
3       10.0       0.0009103          0.9682
3       10.0        0.001099          0.9284
3       10.0        0.001326          0.8903
3       10.0          0.0016          0.8538
3       10.0        0.001931          0.8188
3       10.0         0.00233          0.7852
3       10.0        0.002812          0.7532
3       10.0        0.003393          0.7225
3       10.0        0.004095          0.6931
3       10.0        0.004942           0.665
3       10.0        0.005964          0.6381
3       10.0        0.007197          0.6126
3       10.0        0.008685          0.5882
3       10.0         0.01048          0.5651
3       10.0         0.01265          0.5433
3       10.0         0.01526           0.523
3       10.0         0.01842          0.5041
3       10.0         0.02223          0.4868
3       10.0         0.02683          0.4713
3       10.0         0.03237          0.4574
3       10.0         0.03907          0.4451
3       10.0         0.04715          0.4342
3       10.0          0.0569          0.4243
3       10.0         0.06866          0.4149
3       10.0         0.08286          0.4055
3       10.0             0.1          0.3957
3       10.0           0.101          0.3952
3       10.0          0.1191          0.3858
3       10.0          0.1373          0.3769
3       10.0          0.1554          0.3683
3       10.0          0.1736          0.3595
3       10.0          0.1917          0.3504
3       10.0          0.2099          0.3409
3       10.0           0.228          0.3307
3       10.0          0.2461          0.3199
3       10.0          0.2643          0.3084
3       10.0          0.2824          0.2963
3       10.0          0.3006          0.2837
3       10.0          0.3187          0.2707
3       10.0          0.3369          0.2574
3       10.0           0.355          0.2438
3       10.0          0.3731          0.2301
3       10.0          0.3913          0.2164
3       10.0          0.4094          0.2028
3       10.0          0.4276          0.1893
3       10.0          0.4457          0.1761
3       10.0          0.4639          0.1632
3       10.0           0.482          0.1507
3       10.0          0.5001          0.1386
3       10.0          0.5183           0.127
3       10.0          0.5364          0.1158
3       10.0          0.5546          0.1052
3       10.0          0.5727         0.09516
3       10.0          0.5909         0.08564
3       10.0           0.609         0.07669
3       10.0          0.6271         0.06831
3       10.0          0.6453         0.06051
3       10.0          0.6634         0.05327
3       10.0          0.6816          0.0466
3       10.0          0.6997         0.04048
3       10.0          0.7179          0.0349
3       10.0           0.736         0.02985
3       10.0          0.7541          0.0253
3       10.0          0.7723         0.02124
3       10.0          0.7904         0.01764
3       10.0          0.8086         0.01447
3       10.0          0.8267         0.01172
3       10.0          0.8449        0.009345
3       10.0           0.863        0.007328
3       10.0          0.8811        0.005638
3       10.0          0.8993        0.004243
3       10.0          0.9174        0.003111
3       10.0          0.9356        0.002215
3       10.0          0.9537        0.001524
3       10.0          0.9719        0.001008
3       10.0            0.99       0.0006487
3      100.0           1e-05           6.181
3      100.0       1.207e-05           5.886
3      100.0       1.456e-05           5.604
3      100.0       1.758e-05           5.333
3      100.0       2.121e-05           5.074
3      100.0        2.56e-05           4.826
3      100.0       3.089e-05           4.589
3      100.0       3.728e-05           4.362
3      100.0       4.498e-05           4.145
3      100.0       5.429e-05           3.938
3      100.0       6.551e-05           3.739
3      100.0       7.906e-05           3.549
3      100.0       9.541e-05           3.368
3      100.0       0.0001151           3.194
3      100.0       0.0001389           3.029
3      100.0       0.0001677           2.871
3      100.0       0.0002024            2.72
3      100.0       0.0002442           2.576
3      100.0       0.0002947           2.439
3      100.0       0.0003556           2.308
3      100.0       0.0004292           2.183
3      100.0       0.0005179           2.065
3      100.0       0.0006251           1.951
3      100.0       0.0007543           1.844
3      100.0       0.0009103           1.742
3      100.0        0.001099           1.644
3      100.0        0.001326           1.552
3      100.0          0.0016           1.464
3      100.0        0.001931           1.381
3      100.0         0.00233           1.302
3      100.0        0.002812           1.227
3      100.0        0.003393           1.157
3      100.0        0.004095            1.09
3      100.0        0.004942           1.026
3      100.0        0.005964           0.966
3      100.0        0.007197          0.9092
3      100.0        0.008685          0.8556
3      100.0         0.01048          0.8051
3      100.0         0.01265          0.7575
3      100.0         0.01526          0.7128
3      100.0         0.01842           0.671
3      100.0         0.02223           0.632
3      100.0         0.02683          0.5957
3      100.0         0.03237          0.5622
3      100.0         0.03907          0.5312
3      100.0         0.04715          0.5026
3      100.0          0.0569          0.4762
3      100.0         0.06866          0.4516
3      100.0         0.08286          0.4285
3      100.0             0.1          0.4064
3      100.0           0.101          0.4053
3      100.0          0.1191          0.3862
3      100.0          0.1373          0.3696
3      100.0          0.1554          0.3544
3      100.0          0.1736            0.34
3      100.0          0.1917          0.3259
3      100.0          0.2099          0.3118
3      100.0           0.228          0.2976
3      100.0          0.2461          0.2833
3      100.0          0.2643          0.2688
3      100.0          0.2824          0.2543
3      100.0          0.3006          0.2396
3      100.0          0.3187           0.225
3      100.0          0.3369          0.2105
3      100.0           0.355          0.1962
3      100.0          0.3731          0.1821
3      100.0          0.3913          0.1684
3      100.0          0.4094          0.1551
3      100.0          0.4276          0.1422
3      100.0          0.4457          0.1298
3      100.0          0.4639          0.1179
3      100.0           0.482          0.1066
3      100.0          0.5001          0.0959
3      100.0          0.5183         0.08581
3      100.0          0.5364         0.07635
3      100.0          0.5546         0.06751
3      100.0          0.5727         0.05932
3      100.0          0.5909         0.05175
3      100.0           0.609         0.04481
3      100.0          0.6271         0.03849
3      100.0          0.6453         0.03276
3      100.0          0.6634         0.02762
3      100.0          0.6816         0.02304
3      100.0          0.6997         0.01899
3      100.0          0.7179         0.01545
3      100.0           0.736         0.01238
3      100.0          0.7541        0.009758
3      100.0          0.7723        0.007544
3      100.0          0.7904        0.005706
3      100.0          0.8086        0.004205
3      100.0          0.8267        0.003003
3      100.0          0.8449        0.002063
3      100.0           0.863        0.001349
3      100.0          0.8811       0.0008263
3      100.0          0.8993       0.0004568
3      100.0          0.9174       0.0002071
3      100.0          0.9356       4.759e-05
3      100.0          0.9537      -4.863e-05
3      100.0          0.9719      -0.0001077
3      100.0            0.99      -0.0001531
3     1000.0           1e-05           11.11
3     1000.0       1.207e-05            10.5
3     1000.0       1.456e-05           9.921
3     1000.0       1.758e-05           9.371
3     1000.0       2.121e-05           8.848
3     1000.0        2.56e-05           8.351
3     1000.0       3.089e-05           7.879
3     1000.0       3.728e-05            7.43
3     1000.0       4.498e-05           7.003
3     1000.0       5.429e-05           6.598
3     1000.0       6.551e-05           6.214
3     1000.0       7.906e-05           5.849
3     1000.0       9.541e-05           5.503
3     1000.0       0.0001151           5.175
3     1000.0       0.0001389           4.865
3     1000.0       0.0001677            4.57
3     1000.0       0.0002024           4.291
3     1000.0       0.0002442           4.027
3     1000.0       0.0002947           3.777
3     1000.0       0.0003556           3.541
3     1000.0       0.0004292           3.317
3     1000.0       0.0005179           3.106
3     1000.0       0.0006251           2.907
3     1000.0       0.0007543           2.719
3     1000.0       0.0009103           2.541
3     1000.0        0.001099           2.374
3     1000.0        0.001326           2.217
3     1000.0          0.0016           2.068
3     1000.0        0.001931           1.929
3     1000.0         0.00233           1.798
3     1000.0        0.002812           1.675
3     1000.0        0.003393           1.559
3     1000.0        0.004095            1.45
3     1000.0        0.004942           1.348
3     1000.0        0.005964           1.253
3     1000.0        0.007197           1.163
3     1000.0        0.008685           1.079
3     1000.0         0.01048           1.001
3     1000.0         0.01265          0.9273
3     1000.0         0.01526           0.859
3     1000.0         0.01842          0.7954
3     1000.0         0.02223          0.7364
3     1000.0         0.02683           0.682
3     1000.0         0.03237          0.6318
3     1000.0         0.03907          0.5858
3     1000.0         0.04715          0.5437
3     1000.0          0.0569          0.5053
3     1000.0         0.06866          0.4701
3     1000.0         0.08286          0.4377
3     1000.0             0.1          0.4074
3     1000.0           0.101          0.4058
3     1000.0          0.1191          0.3803
3     1000.0          0.1373          0.3585
3     1000.0          0.1554           0.339
3     1000.0          0.1736          0.3209
3     1000.0          0.1917          0.3036
3     1000.0          0.2099          0.2869
3     1000.0           0.228          0.2705
3     1000.0          0.2461          0.2544
3     1000.0          0.2643          0.2386
3     1000.0          0.2824           0.223
3     1000.0          0.3006          0.2078
3     1000.0          0.3187          0.1929
3     1000.0          0.3369          0.1784
3     1000.0           0.355          0.1644
3     1000.0          0.3731          0.1509
3     1000.0          0.3913          0.1379
3     1000.0          0.4094          0.1255
3     1000.0          0.4276          0.1138
3     1000.0          0.4457          0.1026
3     1000.0          0.4639         0.09216
3     1000.0           0.482         0.08232
3     1000.0          0.5001         0.07314
3     1000.0          0.5183         0.06462
3     1000.0          0.5364         0.05674
3     1000.0          0.5546         0.04951
3     1000.0          0.5727         0.04289
3     1000.0          0.5909         0.03689
3     1000.0           0.609         0.03146
3     1000.0          0.6271          0.0266
3     1000.0          0.6453         0.02228
3     1000.0          0.6634         0.01846
3     1000.0          0.6816         0.01511
3     1000.0          0.6997         0.01222
3     1000.0          0.7179        0.009731
3     1000.0           0.736        0.007624
3     1000.0          0.7541        0.005862
3     1000.0          0.7723        0.004409
3     1000.0          0.7904        0.003232
3     1000.0          0.8086        0.002298
3     1000.0          0.8267        0.001571
3     1000.0          0.8449        0.001021
3     1000.0           0.863       0.0006168
3     1000.0          0.8811       0.0003323
3     1000.0          0.8993       0.0001383
3     1000.0          0.9174       1.099e-05
3     1000.0          0.9356      -6.935e-05
3     1000.0          0.9537        -0.00012
3     1000.0          0.9719      -0.0001564
3     1000.0            0.99      -0.0001904
