0        5.0           1e-05         0.09241
0        5.0       1.207e-05         0.08644
0        5.0       1.456e-05         0.08087
0        5.0       1.758e-05         0.07559
0        5.0       2.121e-05         0.07064
0        5.0        2.56e-05           0.066
0        5.0       3.089e-05         0.06168
0        5.0       3.728e-05         0.05761
0        5.0       4.498e-05          0.0538
0        5.0       5.429e-05         0.05024
0        5.0       6.551e-05          0.0469
0        5.0       7.906e-05         0.04378
0        5.0       9.541e-05         0.04086
0        5.0       0.0001151         0.03811
0        5.0       0.0001389         0.03553
0        5.0       0.0001677          0.0331
0        5.0       0.0002024         0.03083
0        5.0       0.0002442         0.02869
0        5.0       0.0002947          0.0267
0        5.0       0.0003556         0.02483
0        5.0       0.0004292         0.02309
0        5.0       0.0005179         0.02145
0        5.0       0.0006251         0.01993
0        5.0       0.0007543          0.0185
0        5.0       0.0009103         0.01716
0        5.0        0.001099         0.01591
0        5.0        0.001326         0.01474
0        5.0          0.0016         0.01363
0        5.0        0.001931         0.01261
0        5.0         0.00233         0.01164
0        5.0        0.002812         0.01073
0        5.0        0.003393         0.00988
0        5.0        0.004095        0.009087
0        5.0        0.004942        0.008346
0        5.0        0.005964        0.007656
0        5.0        0.007197        0.007011
0        5.0        0.008685         0.00641
0        5.0         0.01048        0.005851
0        5.0         0.01265        0.005329
0        5.0         0.01526        0.004846
0        5.0         0.01842        0.004399
0        5.0         0.02223        0.003987
0        5.0         0.02683        0.003608
0        5.0         0.03237        0.003259
0        5.0         0.03907        0.002941
0        5.0         0.04715         0.00265
0        5.0          0.0569        0.002385
0        5.0         0.06866        0.002145
0        5.0         0.08286        0.001925
0        5.0             0.1        0.001723
0        5.0           0.101        0.001712
0        5.0          0.1191        0.001546
0        5.0          0.1373        0.001409
0        5.0          0.1554        0.001292
0        5.0          0.1736        0.001188
0        5.0          0.1917        0.001095
0        5.0          0.2099         0.00101
0        5.0           0.228       0.0009312
0        5.0          0.2461       0.0008579
0        5.0          0.2643       0.0007895
0        5.0          0.2824       0.0007253
0        5.0          0.3006       0.0006651
0        5.0          0.3187       0.0006085
0        5.0          0.3369       0.0005554
0        5.0           0.355       0.0005056
0        5.0          0.3731       0.0004591
0        5.0          0.3913       0.0004156
0        5.0          0.4094        0.000375
0        5.0          0.4276       0.0003372
0        5.0          0.4457       0.0003022
0        5.0          0.4639       0.0002698
0        5.0           0.482       0.0002399
0        5.0          0.5001       0.0002125
0        5.0          0.5183       0.0001874
0        5.0          0.5364       0.0001645
0        5.0          0.5546       0.0001435
0        5.0          0.5727       0.0001246
0        5.0          0.5909       0.0001076
0        5.0           0.609       9.237e-05
0        5.0          0.6271       7.873e-05
0        5.0          0.6453       6.661e-05
0        5.0          0.6634       5.591e-05
0        5.0          0.6816       4.651e-05
0        5.0          0.6997       3.832e-05
0        5.0          0.7179       3.122e-05
0        5.0           0.736       2.513e-05
0        5.0          0.7541       1.994e-05
0        5.0          0.7723       1.557e-05
0        5.0          0.7904       1.193e-05
0        5.0          0.8086       8.951e-06
0        5.0          0.8267       6.528e-06
0        5.0          0.8449       4.613e-06
0        5.0           0.863       3.131e-06
0        5.0          0.8811       2.018e-06
0        5.0          0.8993       1.213e-06
0        5.0          0.9174       6.614e-07
0        5.0          0.9356       3.116e-07
0        5.0          0.9537       1.148e-07
0        5.0          0.9719        2.57e-08
0        5.0            0.99       1.164e-09
0       10.0           1e-05          0.2153
0       10.0       1.207e-05          0.2008
0       10.0       1.456e-05          0.1873
0       10.0       1.758e-05          0.1746
0       10.0       2.121e-05          0.1627
0       10.0        2.56e-05          0.1516
0       10.0       3.089e-05          0.1413
0       10.0       3.728e-05          0.1316
0       10.0       4.498e-05          0.1226
0       10.0       5.429e-05          0.1142
0       10.0       6.551e-05          0.1063
0       10.0       7.906e-05           0.099
0       10.0       9.541e-05         0.09217
0       10.0       0.0001151         0.08574
0       10.0       0.0001389         0.07974
0       10.0       0.0001677         0.07413
0       10.0       0.0002024         0.06887
0       10.0       0.0002442         0.06396
0       10.0       0.0002947         0.05938
0       10.0       0.0003556         0.05512
0       10.0       0.0004292         0.05114
0       10.0       0.0005179         0.04742
0       10.0       0.0006251         0.04395
0       10.0       0.0007543         0.04072
0       10.0       0.0009103          0.0377
0       10.0        0.001099         0.03486
0       10.0        0.001326         0.03224
0       10.0          0.0016         0.02975
0       10.0        0.001931         0.02745
0       10.0         0.00233         0.02529
0       10.0        0.002812         0.02327
0       10.0        0.003393         0.02139
0       10.0        0.004095         0.01963
0       10.0        0.004942           0.018
0       10.0        0.005964         0.01648
0       10.0        0.007197         0.01506
0       10.0        0.008685         0.01374
0       10.0         0.01048         0.01252
0       10.0         0.01265         0.01138
0       10.0         0.01526         0.01033
0       10.0         0.01842        0.009357
0       10.0         0.02223        0.008465
0       10.0         0.02683        0.007644
0       10.0         0.03237         0.00689
0       10.0         0.03907        0.006201
0       10.0         0.04715        0.005572
0       10.0          0.0569        0.004998
0       10.0         0.06866        0.004474
0       10.0         0.08286        0.003993
0       10.0             0.1        0.003547
0       10.0           0.101        0.003524
0       10.0          0.1191        0.003157
0       10.0          0.1373        0.002852
0       10.0          0.1554        0.002593
0       10.0          0.1736        0.002364
0       10.0          0.1917        0.002159
0       10.0          0.2099        0.001975
0       10.0           0.228        0.001805
0       10.0          0.2461        0.001649
0       10.0          0.2643        0.001505
0       10.0          0.2824        0.001371
0       10.0          0.3006        0.001247
0       10.0          0.3187        0.001132
0       10.0          0.3369        0.001025
0       10.0           0.355       0.0009258
0       10.0          0.3731        0.000834
0       10.0          0.3913       0.0007492
0       10.0          0.4094       0.0006709
0       10.0          0.4276       0.0005988
0       10.0          0.4457       0.0005325
0       10.0          0.4639       0.0004718
0       10.0           0.482       0.0004164
0       10.0          0.5001        0.000366
0       10.0          0.5183       0.0003204
0       10.0          0.5364       0.0002792
0       10.0          0.5546       0.0002417
0       10.0          0.5727       0.0002083
0       10.0          0.5909       0.0001785
0       10.0           0.609        0.000152
0       10.0          0.6271       0.0001285
0       10.0          0.6453       0.0001078
0       10.0          0.6634       8.974e-05
0       10.0          0.6816       7.401e-05
0       10.0          0.6997       6.043e-05
0       10.0          0.7179       4.878e-05
0       10.0           0.736       3.888e-05
0       10.0          0.7541       3.055e-05
0       10.0          0.7723        2.36e-05
0       10.0          0.7904       1.788e-05
0       10.0          0.8086       1.326e-05
0       10.0          0.8267       9.543e-06
0       10.0          0.8449       6.649e-06
0       10.0           0.863       4.444e-06
0       10.0          0.8811       2.814e-06
0       10.0          0.8993       1.658e-06
0       10.0          0.9174       8.832e-07
0       10.0          0.9356       4.042e-07
0       10.0          0.9537       1.435e-07
0       10.0          0.9719       3.042e-08
0       10.0            0.99        1.23e-09
0      100.0           1e-05           2.977
0      100.0       1.207e-05           2.763
0      100.0       1.456e-05           2.565
0      100.0       1.758e-05           2.379
0      100.0       2.121e-05           2.206
0      100.0        2.56e-05           2.046
0      100.0       3.089e-05           1.898
0      100.0       3.728e-05           1.759
0      100.0       4.498e-05           1.631
0      100.0       5.429e-05           1.512
0      100.0       6.551e-05           1.401
0      100.0       7.906e-05           1.298
0      100.0       9.541e-05           1.202
0      100.0       0.0001151           1.113
0      100.0       0.0001389            1.03
0      100.0       0.0001677          0.9531
0      100.0       0.0002024          0.8813
0      100.0       0.0002442          0.8148
0      100.0       0.0002947           0.753
0      100.0       0.0003556          0.6957
0      100.0       0.0004292          0.6425
0      100.0       0.0005179          0.5928
0      100.0       0.0006251          0.5468
0      100.0       0.0007543          0.5041
0      100.0       0.0009103          0.4644
0      100.0        0.001099          0.4273
0      100.0        0.001326          0.3931
0      100.0          0.0016           0.361
0      100.0        0.001931          0.3314
0      100.0         0.00233          0.3037
0      100.0        0.002812          0.2781
0      100.0        0.003393          0.2543
0      100.0        0.004095          0.2322
0      100.0        0.004942          0.2117
0      100.0        0.005964          0.1928
0      100.0        0.007197          0.1753
0      100.0        0.008685          0.1591
0      100.0         0.01048          0.1441
0      100.0         0.01265          0.1302
0      100.0         0.01526          0.1175
0      100.0         0.01842          0.1058
0      100.0         0.02223         0.09513
0      100.0         0.02683         0.08533
0      100.0         0.03237         0.07635
0      100.0         0.03907         0.06815
0      100.0         0.04715         0.06066
0      100.0          0.0569         0.05381
0      100.0         0.06866         0.04753
0      100.0         0.08286         0.04174
0      100.0             0.1         0.03636
0      100.0           0.101         0.03609
0      100.0          0.1191         0.03166
0      100.0          0.1373         0.02802
0      100.0          0.1554         0.02494
0      100.0          0.1736         0.02228
0      100.0          0.1917         0.01995
0      100.0          0.2099         0.01788
0      100.0           0.228         0.01603
0      100.0          0.2461         0.01436
0      100.0          0.2643         0.01286
0      100.0          0.2824          0.0115
0      100.0          0.3006         0.01027
0      100.0          0.3187         0.00915
0      100.0          0.3369        0.008137
0      100.0           0.355        0.007221
0      100.0          0.3731        0.006391
0      100.0          0.3913        0.005641
0      100.0          0.4094        0.004964
0      100.0          0.4276        0.004355
0      100.0          0.4457        0.003806
0      100.0          0.4639        0.003315
0      100.0           0.482        0.002875
0      100.0          0.5001        0.002484
0      100.0          0.5183        0.002136
0      100.0          0.5364        0.001831
0      100.0          0.5546        0.001555
0      100.0          0.5727        0.001317
0      100.0          0.5909        0.001108
0      100.0           0.609       0.0009261
0      100.0          0.6271       0.0007684
0      100.0          0.6453       0.0006324
0      100.0          0.6634        0.000516
0      100.0          0.6816        0.000417
0      100.0          0.6997       0.0003333
0      100.0          0.7179       0.0002632
0      100.0           0.736        0.000205
0      100.0          0.7541       0.0001572
0      100.0          0.7723       0.0001184
0      100.0          0.7904       8.734e-05
0      100.0          0.8086       6.291e-05
0      100.0          0.8267       4.387e-05
0      100.0          0.8449       2.954e-05
0      100.0           0.863       1.901e-05
0      100.0          0.8811       1.153e-05
0      100.0          0.8993       6.473e-06
0      100.0          0.9174       3.255e-06
0      100.0          0.9356       1.388e-06
0      100.0          0.9537       4.495e-07
0      100.0          0.9719       8.323e-08
0      100.0            0.99       2.558e-09
0     1000.0           1e-05           33.54
0     1000.0       1.207e-05           31.05
0     1000.0       1.456e-05           28.75
0     1000.0       1.758e-05            26.6
0     1000.0       2.121e-05           24.61
0     1000.0        2.56e-05           22.77
0     1000.0       3.089e-05           21.07
0     1000.0       3.728e-05           19.48
0     1000.0       4.498e-05           18.01
0     1000.0       5.429e-05           16.65
0     1000.0       6.551e-05           15.39
0     1000.0       7.906e-05           14.22
0     1000.0       9.541e-05           13.14
0     1000.0       0.0001151           12.13
0     1000.0       0.0001389            11.2
0     1000.0       0.0001677           10.33
0     1000.0       0.0002024           9.529
0     1000.0       0.0002442           8.785
0     1000.0       0.0002947           8.095
0     1000.0       0.0003556           7.457
0     1000.0       0.0004292           6.866
0     1000.0       0.0005179           6.316
0     1000.0       0.0006251           5.808
0     1000.0       0.0007543           5.337
0     1000.0       0.0009103             4.9
0     1000.0        0.001099           4.493
0     1000.0        0.001326            4.12
0     1000.0          0.0016            3.77
0     1000.0        0.001931           3.448
0     1000.0         0.00233           3.149
0     1000.0        0.002812           2.872
0     1000.0        0.003393           2.616
0     1000.0        0.004095            2.38
0     1000.0        0.004942           2.162
0     1000.0        0.005964            1.96
0     1000.0        0.007197           1.775
0     1000.0        0.008685           1.603
0     1000.0         0.01048           1.446
0     1000.0         0.01265           1.301
0     1000.0         0.01526           1.168
0     1000.0         0.01842           1.047
0     1000.0         0.02223          0.9359
0     1000.0         0.02683          0.8345
0     1000.0         0.03237          0.7419
0     1000.0         0.03907          0.6575
0     1000.0         0.04715          0.5804
0     1000.0          0.0569          0.5101
0     1000.0         0.06866          0.4457
0     1000.0         0.08286          0.3864
0     1000.0             0.1          0.3316
0     1000.0           0.101          0.3288
0     1000.0          0.1191          0.2841
0     1000.0          0.1373          0.2476
0     1000.0          0.1554          0.2173
0     1000.0          0.1736          0.1913
0     1000.0          0.1917          0.1689
0     1000.0          0.2099          0.1494
0     1000.0           0.228          0.1321
0     1000.0          0.2461          0.1168
0     1000.0          0.2643          0.1033
0     1000.0          0.2824          0.0912
0     1000.0          0.3006         0.08043
0     1000.0          0.3187          0.0708
0     1000.0          0.3369          0.0622
0     1000.0           0.355         0.05454
0     1000.0          0.3731          0.0477
0     1000.0          0.3913         0.04161
0     1000.0          0.4094         0.03619
0     1000.0          0.4276         0.03137
0     1000.0          0.4457          0.0271
0     1000.0          0.4639         0.02333
0     1000.0           0.482            0.02
0     1000.0          0.5001         0.01707
0     1000.0          0.5183         0.01451
0     1000.0          0.5364         0.01229
0     1000.0          0.5546         0.01031
0     1000.0          0.5727        0.008624
0     1000.0          0.5909        0.007166
0     1000.0           0.609        0.005912
0     1000.0          0.6271        0.004841
0     1000.0          0.6453        0.003932
0     1000.0          0.6634        0.003164
0     1000.0          0.6816         0.00252
0     1000.0          0.6997        0.001985
0     1000.0          0.7179        0.001544
0     1000.0           0.736        0.001183
0     1000.0          0.7541       0.0008919
0     1000.0          0.7723       0.0006598
0     1000.0          0.7904       0.0004774
0     1000.0          0.8086       0.0003369
0     1000.0          0.8267       0.0002298
0     1000.0          0.8449        0.000151
0     1000.0           0.863       9.458e-05
0     1000.0          0.8811       5.567e-05
0     1000.0          0.8993       3.017e-05
0     1000.0          0.9174       1.456e-05
0     1000.0          0.9356       5.903e-06
0     1000.0          0.9537       1.788e-06
0     1000.0          0.9719       3.001e-07
0     1000.0            0.99       7.597e-09
1        5.0           1e-05          0.9279
1        5.0       1.207e-05          0.8111
1        5.0       1.456e-05          0.7074
1        5.0       1.758e-05          0.6159
1        5.0       2.121e-05          0.5362
1        5.0        2.56e-05          0.4664
1        5.0       3.089e-05          0.4058
1        5.0       3.728e-05           0.353
1        5.0       4.498e-05           0.307
1        5.0       5.429e-05           0.267
1        5.0       6.551e-05          0.2325
1        5.0       7.906e-05          0.2025
1        5.0       9.541e-05          0.1763
1        5.0       0.0001151          0.1536
1        5.0       0.0001389          0.1338
1        5.0       0.0001677          0.1168
1        5.0       0.0002024          0.1019
1        5.0       0.0002442         0.08894
1        5.0       0.0002947         0.07768
1        5.0       0.0003556         0.06779
1        5.0       0.0004292         0.05898
1        5.0       0.0005179         0.05107
1        5.0       0.0006251         0.04395
1        5.0       0.0007543         0.03762
1        5.0       0.0009103         0.03203
1        5.0        0.001099         0.02728
1        5.0        0.001326         0.02343
1        5.0          0.0016         0.02019
1        5.0        0.001931         0.01733
1        5.0         0.00233         0.01486
1        5.0        0.002812         0.01278
1        5.0        0.003393         0.01098
1        5.0        0.004095        0.009437
1        5.0        0.004942        0.008168
1        5.0        0.005964         0.00715
1        5.0        0.007197        0.006289
1        5.0        0.008685         0.00559
1        5.0         0.01048        0.005006
1        5.0         0.01265        0.004512
1        5.0         0.01526        0.004106
1        5.0         0.01842        0.003749
1        5.0         0.02223        0.003461
1        5.0         0.02683        0.003219
1        5.0         0.03237        0.002971
1        5.0         0.03907        0.002699
1        5.0         0.04715        0.002432
1        5.0          0.0569        0.002189
1        5.0         0.06866        0.001981
1        5.0         0.08286        0.001772
1        5.0             0.1        0.001582
1        5.0           0.101        0.001573
1        5.0          0.1191        0.001425
1        5.0          0.1373        0.001298
1        5.0          0.1554        0.001188
1        5.0          0.1736        0.001093
1        5.0          0.1917        0.001003
1        5.0          0.2099       0.0009197
1        5.0           0.228        0.000842
1        5.0          0.2461       0.0007681
1        5.0          0.2643       0.0006989
1        5.0          0.2824       0.0006347
1        5.0          0.3006       0.0005736
1        5.0          0.3187       0.0005168
1        5.0          0.3369       0.0004647
1        5.0           0.355       0.0004184
1        5.0          0.3731       0.0003721
1        5.0          0.3913       0.0003365
1        5.0          0.4094       0.0003009
1        5.0          0.4276       0.0002668
1        5.0          0.4457       0.0002362
1        5.0          0.4639       0.0002086
1        5.0           0.482       0.0001823
1        5.0          0.5001       0.0001594
1        5.0          0.5183       0.0001402
1        5.0          0.5364       0.0001222
1        5.0          0.5546       0.0001062
1        5.0          0.5727       9.182e-05
1        5.0          0.5909       7.947e-05
1        5.0           0.609       6.827e-05
1        5.0          0.6271       5.548e-05
1        5.0          0.6453       4.444e-05
1        5.0          0.6634       4.161e-05
1        5.0          0.6816       3.149e-05
1        5.0          0.6997         2.4e-05
1        5.0          0.7179       2.054e-05
1        5.0           0.736       1.671e-05
1        5.0          0.7541       1.333e-05
1        5.0          0.7723       1.105e-05
1        5.0          0.7904        9.43e-06
1        5.0          0.8086       8.053e-06
1        5.0          0.8267       6.892e-06
1        5.0          0.8449       5.952e-06
1        5.0           0.863       5.283e-06
1        5.0          0.8811         4.9e-06
1        5.0          0.8993       4.464e-06
1        5.0          0.9174       3.795e-06
1        5.0          0.9356       3.215e-06
1        5.0          0.9537       2.792e-06
1        5.0          0.9719        2.52e-06
1        5.0            0.99       2.147e-06
1       10.0           1e-05             1.9
1       10.0       1.207e-05            1.66
1       10.0       1.456e-05           1.447
1       10.0       1.758e-05            1.26
1       10.0       2.121e-05           1.097
1       10.0        2.56e-05          0.9539
1       10.0       3.089e-05          0.8299
1       10.0       3.728e-05          0.7219
1       10.0       4.498e-05           0.628
1       10.0       5.429e-05          0.5463
1       10.0       6.551e-05          0.4756
1       10.0       7.906e-05          0.4142
1       10.0       9.541e-05          0.3607
1       10.0       0.0001151          0.3141
1       10.0       0.0001389          0.2737
1       10.0       0.0001677          0.2387
1       10.0       0.0002024          0.2083
1       10.0       0.0002442          0.1817
1       10.0       0.0002947          0.1586
1       10.0       0.0003556          0.1382
1       10.0       0.0004292          0.1201
1       10.0       0.0005179          0.1039
1       10.0       0.0006251         0.08939
1       10.0       0.0007543         0.07651
1       10.0       0.0009103         0.06522
1       10.0        0.001099         0.05566
1       10.0        0.001326         0.04787
1       10.0          0.0016         0.04125
1       10.0        0.001931         0.03545
1       10.0         0.00233         0.03045
1       10.0        0.002812         0.02623
1       10.0        0.003393         0.02258
1       10.0        0.004095         0.01948
1       10.0        0.004942         0.01691
1       10.0        0.005964         0.01484
1       10.0        0.007197         0.01309
1       10.0        0.008685         0.01165
1       10.0         0.01048         0.01045
1       10.0         0.01265        0.009423
1       10.0         0.01526        0.008566
1       10.0         0.01842        0.007819
1       10.0         0.02223        0.007201
1       10.0         0.02683        0.006663
1       10.0         0.03237        0.006115
1       10.0         0.03907        0.005533
1       10.0         0.04715         0.00497
1       10.0          0.0569        0.004459
1       10.0         0.06866        0.004015
1       10.0         0.08286        0.003577
1       10.0             0.1        0.003177
1       10.0           0.101        0.003158
1       10.0          0.1191        0.002842
1       10.0          0.1373        0.002572
1       10.0          0.1554        0.002341
1       10.0          0.1736         0.00214
1       10.0          0.1917        0.001953
1       10.0          0.2099        0.001781
1       10.0           0.228        0.001621
1       10.0          0.2461        0.001471
1       10.0          0.2643        0.001331
1       10.0          0.2824        0.001202
1       10.0          0.3006        0.001081
1       10.0          0.3187       0.0009692
1       10.0          0.3369       0.0008667
1       10.0           0.355       0.0007737
1       10.0          0.3731       0.0006885
1       10.0          0.3913       0.0006172
1       10.0          0.4094       0.0005465
1       10.0          0.4276        0.000481
1       10.0          0.4457       0.0004226
1       10.0          0.4639       0.0003687
1       10.0           0.482       0.0003193
1       10.0          0.5001       0.0002784
1       10.0          0.5183       0.0002409
1       10.0          0.5364       0.0002073
1       10.0          0.5546        0.000177
1       10.0          0.5727       0.0001513
1       10.0          0.5909       0.0001278
1       10.0           0.609       0.0001024
1       10.0          0.6271        8.23e-05
1       10.0          0.6453        7.41e-05
1       10.0          0.6634        5.16e-05
1       10.0          0.6816       4.239e-05
1       10.0          0.6997       3.422e-05
1       10.0          0.7179       2.678e-05
1       10.0           0.736       2.166e-05
1       10.0          0.7541       1.815e-05
1       10.0          0.7723       1.522e-05
1       10.0          0.7904       1.282e-05
1       10.0          0.8086       1.103e-05
1       10.0          0.8267       9.976e-06
1       10.0          0.8449       8.914e-06
1       10.0           0.863        7.34e-06
1       10.0          0.8811       6.109e-06
1       10.0          0.8993        5.25e-06
1       10.0          0.9174       4.459e-06
1       10.0          0.9356       3.303e-06
1       10.0          0.9537       2.534e-06
1       10.0          0.9719       1.989e-06
1       10.0            0.99       1.547e-06
1      100.0           1e-05           20.06
1      100.0       1.207e-05            17.5
1      100.0       1.456e-05           15.25
1      100.0       1.758e-05           13.27
1      100.0       2.121e-05           11.55
1      100.0        2.56e-05           10.05
1      100.0       3.089e-05            8.74
1      100.0       3.728e-05           7.603
1      100.0       4.498e-05           6.614
1      100.0       5.429e-05           5.754
1      100.0       6.551e-05            5.01
1      100.0       7.906e-05           4.362
1      100.0       9.541e-05           3.798
1      100.0       0.0001151           3.307
1      100.0       0.0001389           2.881
1      100.0       0.0001677           2.511
1      100.0       0.0002024           2.188
1      100.0       0.0002442           1.906
1      100.0       0.0002947           1.661
1      100.0       0.0003556           1.444
1      100.0       0.0004292           1.252
1      100.0       0.0005179           1.081
1      100.0       0.0006251           0.929
1      100.0       0.0007543          0.7958
1      100.0       0.0009103          0.6809
1      100.0        0.001099          0.5839
1      100.0        0.001326          0.5035
1      100.0          0.0016          0.4345
1      100.0        0.001931          0.3747
1      100.0         0.00233          0.3233
1      100.0        0.002812          0.2797
1      100.0        0.003393          0.2421
1      100.0        0.004095          0.2105
1      100.0        0.004942          0.1841
1      100.0        0.005964          0.1623
1      100.0        0.007197           0.144
1      100.0        0.008685          0.1285
1      100.0         0.01048          0.1154
1      100.0         0.01265          0.1041
1      100.0         0.01526          0.0943
1      100.0         0.01842         0.08579
1      100.0         0.02223         0.07839
1      100.0         0.02683         0.07161
1      100.0         0.03237         0.06484
1      100.0         0.03907         0.05808
1      100.0         0.04715         0.05174
1      100.0          0.0569         0.04599
1      100.0         0.06866         0.04086
1      100.0         0.08286         0.03598
1      100.0             0.1          0.0315
1      100.0           0.101         0.03127
1      100.0          0.1191         0.02763
1      100.0          0.1373         0.02461
1      100.0          0.1554         0.02205
1      100.0          0.1736         0.01982
1      100.0          0.1917          0.0178
1      100.0          0.2099         0.01598
1      100.0           0.228         0.01433
1      100.0          0.2461         0.01282
1      100.0          0.2643         0.01144
1      100.0          0.2824         0.01018
1      100.0          0.3006        0.009031
1      100.0          0.3187        0.007992
1      100.0          0.3369        0.007059
1      100.0           0.355        0.006207
1      100.0          0.3731        0.005478
1      100.0          0.3913        0.004814
1      100.0          0.4094        0.004191
1      100.0          0.4276        0.003634
1      100.0          0.4457        0.003138
1      100.0          0.4639        0.002686
1      100.0           0.482        0.002299
1      100.0          0.5001        0.001963
1      100.0          0.5183         0.00166
1      100.0          0.5364         0.00139
1      100.0          0.5546        0.001167
1      100.0          0.5727       0.0009546
1      100.0          0.5909       0.0007541
1      100.0           0.609        0.000607
1      100.0          0.6271       0.0005013
1      100.0          0.6453       0.0003606
1      100.0          0.6634       0.0002884
1      100.0          0.6816       0.0002243
1      100.0          0.6997       0.0001758
1      100.0          0.7179       0.0001438
1      100.0           0.736       0.0001183
1      100.0          0.7541       9.801e-05
1      100.0          0.7723       8.304e-05
1      100.0          0.7904       7.274e-05
1      100.0          0.8086       6.012e-05
1      100.0          0.8267       4.789e-05
1      100.0          0.8449       3.881e-05
1      100.0           0.863       3.085e-05
1      100.0          0.8811       2.185e-05
1      100.0          0.8993       1.604e-05
1      100.0          0.9174       1.156e-05
1      100.0          0.9356       8.136e-06
1      100.0          0.9537       4.604e-06
1      100.0          0.9719       2.282e-06
1      100.0            0.99       6.685e-07
1     1000.0           1e-05           191.4
1     1000.0       1.207e-05           166.8
1     1000.0       1.456e-05           145.3
1     1000.0       1.758e-05           126.5
1     1000.0       2.121e-05             110
1     1000.0        2.56e-05           95.72
1     1000.0       3.089e-05           83.28
1     1000.0       3.728e-05           72.44
1     1000.0       4.498e-05           63.02
1     1000.0       5.429e-05           54.83
1     1000.0       6.551e-05           47.74
1     1000.0       7.906e-05           41.55
1     1000.0       9.541e-05           36.17
1     1000.0       0.0001151           31.49
1     1000.0       0.0001389           27.43
1     1000.0       0.0001677           23.89
1     1000.0       0.0002024            20.8
1     1000.0       0.0002442            18.1
1     1000.0       0.0002947           15.75
1     1000.0       0.0003556           13.67
1     1000.0       0.0004292           11.83
1     1000.0       0.0005179           10.21
1     1000.0       0.0006251            8.78
1     1000.0       0.0007543           7.532
1     1000.0       0.0009103           6.462
1     1000.0        0.001099           5.559
1     1000.0        0.001326           4.802
1     1000.0          0.0016           4.151
1     1000.0        0.001931           3.589
1     1000.0         0.00233           3.107
1     1000.0        0.002812           2.696
1     1000.0        0.003393           2.344
1     1000.0        0.004095           2.046
1     1000.0        0.004942           1.797
1     1000.0        0.005964           1.589
1     1000.0        0.007197           1.412
1     1000.0        0.008685           1.262
1     1000.0         0.01048           1.132
1     1000.0         0.01265           1.019
1     1000.0         0.01526          0.9209
1     1000.0         0.01842          0.8344
1     1000.0         0.02223          0.7571
1     1000.0         0.02683          0.6852
1     1000.0         0.03237          0.6148
1     1000.0         0.03907          0.5467
1     1000.0         0.04715          0.4837
1     1000.0          0.0569          0.4266
1     1000.0         0.06866          0.3751
1     1000.0         0.08286          0.3271
1     1000.0             0.1          0.2828
1     1000.0           0.101          0.2806
1     1000.0          0.1191          0.2446
1     1000.0          0.1373          0.2151
1     1000.0          0.1554          0.1902
1     1000.0          0.1736          0.1688
1     1000.0          0.1917          0.1498
1     1000.0          0.2099          0.1329
1     1000.0           0.228          0.1178
1     1000.0          0.2461          0.1042
1     1000.0          0.2643         0.09199
1     1000.0          0.2824         0.08105
1     1000.0          0.3006         0.07118
1     1000.0          0.3187         0.06238
1     1000.0          0.3369         0.05458
1     1000.0           0.355         0.04757
1     1000.0          0.3731         0.04155
1     1000.0          0.3913          0.0361
1     1000.0          0.4094         0.03111
1     1000.0          0.4276         0.02671
1     1000.0          0.4457         0.02282
1     1000.0          0.4639         0.01935
1     1000.0           0.482          0.0164
1     1000.0          0.5001         0.01385
1     1000.0          0.5183         0.01156
1     1000.0          0.5364        0.009579
1     1000.0          0.5546        0.007927
1     1000.0          0.5727        0.006353
1     1000.0          0.5909         0.00502
1     1000.0           0.609        0.004006
1     1000.0          0.6271        0.003179
1     1000.0          0.6453        0.002363
1     1000.0          0.6634         0.00187
1     1000.0          0.6816        0.001454
1     1000.0          0.6997        0.001153
1     1000.0          0.7179        0.000943
1     1000.0           0.736       0.0007735
1     1000.0          0.7541       0.0006398
1     1000.0          0.7723       0.0005409
1     1000.0          0.7904       0.0004586
1     1000.0          0.8086       0.0003671
1     1000.0          0.8267         0.00029
1     1000.0          0.8449       0.0002302
1     1000.0           0.863       0.0001711
1     1000.0          0.8811       0.0001201
1     1000.0          0.8993       8.626e-05
1     1000.0          0.9174           6e-05
1     1000.0          0.9356       3.734e-05
1     1000.0          0.9537       1.888e-05
1     1000.0          0.9719       7.553e-06
1     1000.0            0.99       9.702e-07
2        5.0           1e-05          0.2406
2        5.0       1.207e-05          0.2163
2        5.0       1.456e-05          0.1944
2        5.0       1.758e-05          0.1748
2        5.0       2.121e-05           0.157
2        5.0        2.56e-05          0.1411
2        5.0       3.089e-05          0.1268
2        5.0       3.728e-05          0.1139
2        5.0       4.498e-05          0.1022
2        5.0       5.429e-05         0.09178
2        5.0       6.551e-05         0.08239
2        5.0       7.906e-05         0.07394
2        5.0       9.541e-05         0.06635
2        5.0       0.0001151         0.05953
2        5.0       0.0001389         0.05341
2        5.0       0.0001677         0.04794
2        5.0       0.0002024         0.04304
2        5.0       0.0002442         0.03863
2        5.0       0.0002947         0.03464
2        5.0       0.0003556         0.03121
2        5.0       0.0004292         0.02807
2        5.0       0.0005179         0.02519
2        5.0       0.0006251          0.0226
2        5.0       0.0007543         0.02026
2        5.0       0.0009103         0.01818
2        5.0        0.001099         0.01631
2        5.0        0.001326         0.01462
2        5.0          0.0016         0.01316
2        5.0        0.001931         0.01182
2        5.0         0.00233         0.01062
2        5.0        0.002812        0.009554
2        5.0        0.003393        0.008597
2        5.0        0.004095        0.007729
2        5.0        0.004942        0.006967
2        5.0        0.005964         0.00631
2        5.0        0.007197        0.005716
2        5.0        0.008685        0.005196
2        5.0         0.01048        0.004736
2        5.0         0.01265        0.004323
2        5.0         0.01526        0.003946
2        5.0         0.01842        0.003624
2        5.0         0.02223        0.003332
2        5.0         0.02683        0.003067
2        5.0         0.03237        0.002835
2        5.0         0.03907        0.002615
2        5.0         0.04715        0.002396
2        5.0          0.0569        0.002178
2        5.0         0.06866        0.001968
2        5.0         0.08286        0.001763
2        5.0             0.1        0.001562
2        5.0           0.101        0.001552
2        5.0          0.1191        0.001391
2        5.0          0.1373        0.001261
2        5.0          0.1554        0.001152
2        5.0          0.1736        0.001058
2        5.0          0.1917       0.0009778
2        5.0          0.2099       0.0009003
2        5.0           0.228       0.0008292
2        5.0          0.2461        0.000764
2        5.0          0.2643       0.0007037
2        5.0          0.2824       0.0006482
2        5.0          0.3006       0.0005969
2        5.0          0.3187       0.0005489
2        5.0          0.3369       0.0005034
2        5.0           0.355       0.0004611
2        5.0          0.3731       0.0004237
2        5.0          0.3913       0.0003868
2        5.0          0.4094       0.0003527
2        5.0          0.4276       0.0003184
2        5.0          0.4457       0.0002873
2        5.0          0.4639       0.0002571
2        5.0           0.482       0.0002316
2        5.0          0.5001       0.0002067
2        5.0          0.5183        0.000186
2        5.0          0.5364       0.0001698
2        5.0          0.5546       0.0001513
2        5.0          0.5727        0.000134
2        5.0          0.5909       0.0001203
2        5.0           0.609       0.0001073
2        5.0          0.6271       9.574e-05
2        5.0          0.6453       8.113e-05
2        5.0          0.6634       7.241e-05
2        5.0          0.6816       6.214e-05
2        5.0          0.6997       5.266e-05
2        5.0          0.7179       4.557e-05
2        5.0           0.736       3.955e-05
2        5.0          0.7541       3.433e-05
2        5.0          0.7723       3.021e-05
2        5.0          0.7904       2.685e-05
2        5.0          0.8086       2.109e-05
2        5.0          0.8267       1.573e-05
2        5.0          0.8449       1.238e-05
2        5.0           0.863        1.13e-05
2        5.0          0.8811       1.011e-05
2        5.0          0.8993       7.728e-06
2        5.0          0.9174       6.296e-06
2        5.0          0.9356       5.039e-06
2        5.0          0.9537       3.923e-06
2        5.0          0.9719       3.357e-06
2        5.0            0.99       2.509e-06
2       10.0           1e-05          0.5239
2       10.0       1.207e-05          0.4708
2       10.0       1.456e-05          0.4231
2       10.0       1.758e-05          0.3801
2       10.0       2.121e-05          0.3415
2       10.0        2.56e-05          0.3067
2       10.0       3.089e-05          0.2754
2       10.0       3.728e-05          0.2473
2       10.0       4.498e-05           0.222
2       10.0       5.429e-05          0.1992
2       10.0       6.551e-05          0.1788
2       10.0       7.906e-05          0.1604
2       10.0       9.541e-05          0.1439
2       10.0       0.0001151           0.129
2       10.0       0.0001389          0.1158
2       10.0       0.0001677          0.1039
2       10.0       0.0002024         0.09321
2       10.0       0.0002442         0.08363
2       10.0       0.0002947         0.07506
2       10.0       0.0003556         0.06753
2       10.0       0.0004292         0.06068
2       10.0       0.0005179         0.05442
2       10.0       0.0006251          0.0488
2       10.0       0.0007543         0.04375
2       10.0       0.0009103         0.03924
2       10.0        0.001099         0.03519
2       10.0        0.001326         0.03158
2       10.0          0.0016         0.02839
2       10.0        0.001931          0.0255
2       10.0         0.00233         0.02291
2       10.0        0.002812          0.0206
2       10.0        0.003393         0.01854
2       10.0        0.004095         0.01668
2       10.0        0.004942         0.01505
2       10.0        0.005964         0.01363
2       10.0        0.007197         0.01236
2       10.0        0.008685         0.01123
2       10.0         0.01048         0.01024
2       10.0         0.01265        0.009337
2       10.0         0.01526         0.00853
2       10.0         0.01842        0.007823
2       10.0         0.02223        0.007184
2       10.0         0.02683        0.006603
2       10.0         0.03237        0.006081
2       10.0         0.03907        0.005579
2       10.0         0.04715        0.005083
2       10.0          0.0569        0.004596
2       10.0         0.06866        0.004127
2       10.0         0.08286        0.003678
2       10.0             0.1        0.003245
2       10.0           0.101        0.003223
2       10.0          0.1191        0.002868
2       10.0          0.1373        0.002584
2       10.0          0.1554        0.002345
2       10.0          0.1736        0.002138
2       10.0          0.1917        0.001958
2       10.0          0.2099        0.001788
2       10.0           0.228        0.001634
2       10.0          0.2461        0.001494
2       10.0          0.2643        0.001366
2       10.0          0.2824        0.001248
2       10.0          0.3006        0.001139
2       10.0          0.3187        0.001039
2       10.0          0.3369       0.0009437
2       10.0           0.355       0.0008578
2       10.0          0.3731       0.0007789
2       10.0          0.3913       0.0007039
2       10.0          0.4094       0.0006329
2       10.0          0.4276        0.000566
2       10.0          0.4457       0.0005041
2       10.0          0.4639       0.0004489
2       10.0           0.482       0.0003982
2       10.0          0.5001       0.0003531
2       10.0          0.5183       0.0003177
2       10.0          0.5364       0.0002809
2       10.0          0.5546       0.0002459
2       10.0          0.5727       0.0002174
2       10.0          0.5909       0.0001909
2       10.0           0.609       0.0001665
2       10.0          0.6271       0.0001385
2       10.0          0.6453       0.0001234
2       10.0          0.6634       0.0001018
2       10.0          0.6816        8.57e-05
2       10.0          0.6997       7.268e-05
2       10.0          0.7179       6.158e-05
2       10.0           0.736       5.241e-05
2       10.0          0.7541        4.42e-05
2       10.0          0.7723       3.304e-05
2       10.0          0.7904       2.428e-05
2       10.0          0.8086       2.051e-05
2       10.0          0.8267       1.758e-05
2       10.0          0.8449       1.313e-05
2       10.0           0.863       1.035e-05
2       10.0          0.8811       7.687e-06
2       10.0          0.8993       6.033e-06
2       10.0          0.9174        4.41e-06
2       10.0          0.9356        2.58e-06
2       10.0          0.9537       1.788e-06
2       10.0          0.9719       1.891e-06
2       10.0            0.99       1.492e-06
2      100.0           1e-05           6.315
2      100.0       1.207e-05           5.671
2      100.0       1.456e-05           5.092
2      100.0       1.758e-05           4.571
2      100.0       2.121e-05           4.103
2      100.0        2.56e-05           3.682
2      100.0       3.089e-05           3.304
2      100.0       3.728e-05           2.964
2      100.0       4.498e-05           2.658
2      100.0       5.429e-05           2.384
2      100.0       6.551e-05           2.138
2      100.0       7.906e-05           1.917
2      100.0       9.541e-05           1.718
2      100.0       0.0001151            1.54
2      100.0       0.0001389           1.381
2      100.0       0.0001677           1.238
2      100.0       0.0002024           1.111
2      100.0       0.0002442           0.996
2      100.0       0.0002947          0.8939
2      100.0       0.0003556          0.8025
2      100.0       0.0004292          0.7197
2      100.0       0.0005179           0.645
2      100.0       0.0006251           0.578
2      100.0       0.0007543           0.518
2      100.0       0.0009103          0.4644
2      100.0        0.001099          0.4165
2      100.0        0.001326          0.3737
2      100.0          0.0016          0.3356
2      100.0        0.001931          0.3014
2      100.0         0.00233          0.2708
2      100.0        0.002812          0.2435
2      100.0        0.003393          0.2192
2      100.0        0.004095          0.1975
2      100.0        0.004942          0.1784
2      100.0        0.005964          0.1614
2      100.0        0.007197          0.1463
2      100.0        0.008685          0.1329
2      100.0         0.01048          0.1208
2      100.0         0.01265          0.1099
2      100.0         0.01526          0.1002
2      100.0         0.01842          0.0914
2      100.0         0.02223         0.08342
2      100.0         0.02683         0.07607
2      100.0         0.03237         0.06922
2      100.0         0.03907         0.06263
2      100.0         0.04715         0.05627
2      100.0          0.0569         0.05016
2      100.0         0.06866         0.04436
2      100.0         0.08286          0.0389
2      100.0             0.1         0.03377
2      100.0           0.101          0.0335
2      100.0          0.1191         0.02931
2      100.0          0.1373         0.02593
2      100.0          0.1554         0.02309
2      100.0          0.1736         0.02065
2      100.0          0.1917         0.01851
2      100.0          0.2099         0.01659
2      100.0           0.228         0.01488
2      100.0          0.2461         0.01334
2      100.0          0.2643         0.01197
2      100.0          0.2824         0.01072
2      100.0          0.3006        0.009593
2      100.0          0.3187        0.008569
2      100.0          0.3369        0.007635
2      100.0           0.355        0.006796
2      100.0          0.3731        0.006027
2      100.0          0.3913        0.005323
2      100.0          0.4094        0.004678
2      100.0          0.4276        0.004097
2      100.0          0.4457         0.00358
2      100.0          0.4639        0.003122
2      100.0           0.482        0.002716
2      100.0          0.5001        0.002372
2      100.0          0.5183        0.002051
2      100.0          0.5364        0.001759
2      100.0          0.5546        0.001508
2      100.0          0.5727        0.001285
2      100.0          0.5909        0.001082
2      100.0           0.609       0.0008942
2      100.0          0.6271       0.0007534
2      100.0          0.6453       0.0006209
2      100.0          0.6634       0.0005079
2      100.0          0.6816       0.0004132
2      100.0          0.6997       0.0003324
2      100.0          0.7179        0.000264
2      100.0           0.736       0.0001942
2      100.0          0.7541       0.0001428
2      100.0          0.7723       0.0001138
2      100.0          0.7904       8.625e-05
2      100.0          0.8086       6.248e-05
2      100.0          0.8267       4.463e-05
2      100.0          0.8449        3.18e-05
2      100.0           0.863       2.138e-05
2      100.0          0.8811       1.281e-05
2      100.0          0.8993       1.037e-05
2      100.0          0.9174       8.148e-06
2      100.0          0.9356       5.293e-06
2      100.0          0.9537        3.62e-06
2      100.0          0.9719       1.778e-06
2      100.0            0.99       4.944e-07
2     1000.0           1e-05           65.13
2     1000.0       1.207e-05           58.46
2     1000.0       1.456e-05           52.47
2     1000.0       1.758e-05           47.08
2     1000.0       2.121e-05           42.24
2     1000.0        2.56e-05           37.89
2     1000.0       3.089e-05           33.99
2     1000.0       3.728e-05           30.47
2     1000.0       4.498e-05           27.32
2     1000.0       5.429e-05           24.49
2     1000.0       6.551e-05           21.96
2     1000.0       7.906e-05           19.68
2     1000.0       9.541e-05           17.64
2     1000.0       0.0001151           15.81
2     1000.0       0.0001389           14.17
2     1000.0       0.0001677            12.7
2     1000.0       0.0002024           11.39
2     1000.0       0.0002442           10.21
2     1000.0       0.0002947           9.158
2     1000.0       0.0003556           8.213
2     1000.0       0.0004292           7.362
2     1000.0       0.0005179           6.595
2     1000.0       0.0006251           5.909
2     1000.0       0.0007543           5.296
2     1000.0       0.0009103           4.747
2     1000.0        0.001099           4.257
2     1000.0        0.001326            3.82
2     1000.0          0.0016           3.429
2     1000.0        0.001931           3.079
2     1000.0         0.00233           2.767
2     1000.0        0.002812           2.488
2     1000.0        0.003393           2.239
2     1000.0        0.004095           2.017
2     1000.0        0.004942           1.821
2     1000.0        0.005964           1.646
2     1000.0        0.007197            1.49
2     1000.0        0.008685            1.35
2     1000.0         0.01048           1.224
2     1000.0         0.01265            1.11
2     1000.0         0.01526           1.007
2     1000.0         0.01842          0.9144
2     1000.0         0.02223          0.8292
2     1000.0         0.02683          0.7502
2     1000.0         0.03237          0.6763
2     1000.0         0.03907          0.6058
2     1000.0         0.04715          0.5386
2     1000.0          0.0569          0.4749
2     1000.0         0.06866          0.4152
2     1000.0         0.08286          0.3597
2     1000.0             0.1           0.308
2     1000.0           0.101          0.3053
2     1000.0          0.1191          0.2635
2     1000.0          0.1373          0.2298
2     1000.0          0.1554          0.2018
2     1000.0          0.1736           0.178
2     1000.0          0.1917          0.1573
2     1000.0          0.2099          0.1391
2     1000.0           0.228          0.1232
2     1000.0          0.2461          0.1091
2     1000.0          0.2643         0.09655
2     1000.0          0.2824         0.08539
2     1000.0          0.3006         0.07543
2     1000.0          0.3187          0.0665
2     1000.0          0.3369         0.05851
2     1000.0           0.355         0.05138
2     1000.0          0.3731         0.04495
2     1000.0          0.3913         0.03918
2     1000.0          0.4094         0.03402
2     1000.0          0.4276         0.02944
2     1000.0          0.4457         0.02544
2     1000.0          0.4639         0.02191
2     1000.0           0.482         0.01885
2     1000.0          0.5001          0.0162
2     1000.0          0.5183         0.01379
2     1000.0          0.5364         0.01167
2     1000.0          0.5546        0.009848
2     1000.0          0.5727        0.008245
2     1000.0          0.5909        0.006809
2     1000.0           0.609         0.00559
2     1000.0          0.6271        0.004613
2     1000.0          0.6453        0.003729
2     1000.0          0.6634        0.002994
2     1000.0          0.6816        0.002383
2     1000.0          0.6997        0.001869
2     1000.0          0.7179        0.001426
2     1000.0           0.736        0.001037
2     1000.0          0.7541       0.0007766
2     1000.0          0.7723       0.0005975
2     1000.0          0.7904       0.0004334
2     1000.0          0.8086       0.0003081
2     1000.0          0.8267       0.0002144
2     1000.0          0.8449       0.0001482
2     1000.0           0.863       9.408e-05
2     1000.0          0.8811       6.231e-05
2     1000.0          0.8993        5.02e-05
2     1000.0          0.9174       3.379e-05
2     1000.0          0.9356       2.121e-05
2     1000.0          0.9537       1.224e-05
2     1000.0          0.9719       4.199e-06
2     1000.0            0.99       5.705e-07
3        5.0           1e-05          0.3987
3        5.0       1.207e-05          0.3503
3        5.0       1.456e-05          0.3079
3        5.0       1.758e-05          0.2706
3        5.0       2.121e-05           0.238
3        5.0        2.56e-05          0.2094
3        5.0       3.089e-05          0.1843
3        5.0       3.728e-05          0.1623
3        5.0       4.498e-05           0.143
3        5.0       5.429e-05           0.126
3        5.0       6.551e-05          0.1112
3        5.0       7.906e-05         0.09808
3        5.0       9.541e-05         0.08658
3        5.0       0.0001151         0.07646
3        5.0       0.0001389         0.06758
3        5.0       0.0001677         0.05974
3        5.0       0.0002024         0.05284
3        5.0       0.0002442         0.04677
3        5.0       0.0002947         0.04143
3        5.0       0.0003556         0.03671
3        5.0       0.0004292         0.03256
3        5.0       0.0005179         0.02889
3        5.0       0.0006251         0.02566
3        5.0       0.0007543         0.02281
3        5.0       0.0009103          0.0203
3        5.0        0.001099         0.01808
3        5.0        0.001326         0.01612
3        5.0          0.0016          0.0144
3        5.0        0.001931         0.01287
3        5.0         0.00233         0.01153
3        5.0        0.002812         0.01034
3        5.0        0.003393        0.009289
3        5.0        0.004095        0.008364
3        5.0        0.004942        0.007546
3        5.0        0.005964        0.006824
3        5.0        0.007197        0.006187
3        5.0        0.008685        0.005624
3        5.0         0.01048        0.005124
3        5.0         0.01265         0.00468
3        5.0         0.01526        0.004283
3        5.0         0.01842        0.003926
3        5.0         0.02223        0.003601
3        5.0         0.02683        0.003302
3        5.0         0.03237        0.003023
3        5.0         0.03907        0.002759
3        5.0         0.04715        0.002507
3        5.0          0.0569        0.002264
3        5.0         0.06866         0.00203
3        5.0         0.08286        0.001808
3        5.0             0.1        0.001599
3        5.0           0.101        0.001589
3        5.0          0.1191        0.001419
3        5.0          0.1373        0.001283
3        5.0          0.1554         0.00117
3        5.0          0.1736        0.001074
3        5.0          0.1917       0.0009891
3        5.0          0.2099       0.0009132
3        5.0           0.228       0.0008439
3        5.0          0.2461       0.0007801
3        5.0          0.2643       0.0007208
3        5.0          0.2824       0.0006654
3        5.0          0.3006       0.0006136
3        5.0          0.3187        0.000565
3        5.0          0.3369       0.0005195
3        5.0           0.355       0.0004769
3        5.0          0.3731        0.000437
3        5.0          0.3913       0.0003998
3        5.0          0.4094       0.0003651
3        5.0          0.4276       0.0003327
3        5.0          0.4457       0.0003027
3        5.0          0.4639       0.0002748
3        5.0           0.482        0.000249
3        5.0          0.5001       0.0002252
3        5.0          0.5183       0.0002032
3        5.0          0.5364       0.0001829
3        5.0          0.5546       0.0001643
3        5.0          0.5727       0.0001472
3        5.0          0.5909       0.0001316
3        5.0           0.609       0.0001173
3        5.0          0.6271       0.0001043
3        5.0          0.6453       9.245e-05
3        5.0          0.6634        8.17e-05
3        5.0          0.6816       7.197e-05
3        5.0          0.6997       6.317e-05
3        5.0          0.7179       5.524e-05
3        5.0           0.736       4.812e-05
3        5.0          0.7541       4.173e-05
3        5.0          0.7723       3.602e-05
3        5.0          0.7904       3.094e-05
3        5.0          0.8086       2.643e-05
3        5.0          0.8267       2.244e-05
3        5.0          0.8449       1.894e-05
3        5.0           0.863       1.587e-05
3        5.0          0.8811       1.319e-05
3        5.0          0.8993       1.088e-05
3        5.0          0.9174       8.888e-06
3        5.0          0.9356        7.19e-06
3        5.0          0.9537       5.756e-06
3        5.0          0.9719       4.556e-06
3        5.0            0.99       3.581e-06
3       10.0           1e-05          0.8343
3       10.0       1.207e-05          0.7333
3       10.0       1.456e-05          0.6447
3       10.0       1.758e-05          0.5669
3       10.0       2.121e-05          0.4987
3       10.0        2.56e-05          0.4389
3       10.0       3.089e-05          0.3865
3       10.0       3.728e-05          0.3405
3       10.0       4.498e-05          0.3001
3       10.0       5.429e-05          0.2646
3       10.0       6.551e-05          0.2335
3       10.0       7.906e-05          0.2061
3       10.0       9.541e-05           0.182
3       10.0       0.0001151          0.1608
3       10.0       0.0001389          0.1421
3       10.0       0.0001677          0.1257
3       10.0       0.0002024          0.1113
3       10.0       0.0002442         0.09851
3       10.0       0.0002947          0.0873
3       10.0       0.0003556          0.0774
3       10.0       0.0004292         0.06868
3       10.0       0.0005179         0.06098
3       10.0       0.0006251          0.0542
3       10.0       0.0007543         0.04822
3       10.0       0.0009103         0.04293
3       10.0        0.001099         0.03827
3       10.0        0.001326         0.03416
3       10.0          0.0016         0.03053
3       10.0        0.001931         0.02732
3       10.0         0.00233         0.02449
3       10.0        0.002812         0.02198
3       10.0        0.003393         0.01978
3       10.0        0.004095         0.01782
3       10.0        0.004942          0.0161
3       10.0        0.005964         0.01457
3       10.0        0.007197         0.01322
3       10.0        0.008685         0.01202
3       10.0         0.01048         0.01095
3       10.0         0.01265        0.009996
3       10.0         0.01526        0.009138
3       10.0         0.01842        0.008361
3       10.0         0.02223        0.007651
3       10.0         0.02683        0.006994
3       10.0         0.03237        0.006379
3       10.0         0.03907        0.005796
3       10.0         0.04715         0.00524
3       10.0          0.0569        0.004709
3       10.0         0.06866        0.004201
3       10.0         0.08286        0.003722
3       10.0             0.1        0.003274
3       10.0           0.101        0.003251
3       10.0          0.1191        0.002887
3       10.0          0.1373        0.002595
3       10.0          0.1554        0.002352
3       10.0          0.1736        0.002144
3       10.0          0.1917        0.001961
3       10.0          0.2099        0.001798
3       10.0           0.228        0.001649
3       10.0          0.2461        0.001513
3       10.0          0.2643        0.001387
3       10.0          0.2824         0.00127
3       10.0          0.3006        0.001162
3       10.0          0.3187        0.001061
3       10.0          0.3369       0.0009665
3       10.0           0.355       0.0008791
3       10.0          0.3731       0.0007978
3       10.0          0.3913       0.0007224
3       10.0          0.4094       0.0006526
3       10.0          0.4276        0.000588
3       10.0          0.4457       0.0005284
3       10.0          0.4639       0.0004735
3       10.0           0.482       0.0004231
3       10.0          0.5001       0.0003769
3       10.0          0.5183       0.0003347
3       10.0          0.5364       0.0002961
3       10.0          0.5546       0.0002611
3       10.0          0.5727       0.0002293
3       10.0          0.5909       0.0002005
3       10.0           0.609       0.0001746
3       10.0          0.6271       0.0001513
3       10.0          0.6453       0.0001305
3       10.0          0.6634       0.0001119
3       10.0          0.6816       9.538e-05
3       10.0          0.6997        8.08e-05
3       10.0          0.7179       6.796e-05
3       10.0           0.736       5.673e-05
3       10.0          0.7541       4.696e-05
3       10.0          0.7723       3.851e-05
3       10.0          0.7904       3.126e-05
3       10.0          0.8086       2.509e-05
3       10.0          0.8267       1.988e-05
3       10.0          0.8449       1.553e-05
3       10.0           0.863       1.194e-05
3       10.0          0.8811       9.012e-06
3       10.0          0.8993       6.665e-06
3       10.0          0.9174       4.813e-06
3       10.0          0.9356       3.384e-06
3       10.0          0.9537       2.313e-06
3       10.0          0.9719       1.534e-06
3       10.0            0.99       9.999e-07
3      100.0           1e-05           9.276
3      100.0       1.207e-05           8.159
3      100.0       1.456e-05            7.18
3      100.0       1.758e-05            6.32
3      100.0       2.121e-05           5.565
3      100.0        2.56e-05           4.903
3      100.0       3.089e-05           4.322
3      100.0       3.728e-05           3.812
3      100.0       4.498e-05           3.363
3      100.0       5.429e-05           2.969
3      100.0       6.551e-05           2.622
3      100.0       7.906e-05           2.317
3      100.0       9.541e-05           2.048
3      100.0       0.0001151           1.812
3      100.0       0.0001389           1.604
3      100.0       0.0001677            1.42
3      100.0       0.0002024           1.258
3      100.0       0.0002442           1.116
3      100.0       0.0002947          0.9902
3      100.0       0.0003556          0.8793
3      100.0       0.0004292          0.7814
3      100.0       0.0005179           0.695
3      100.0       0.0006251          0.6187
3      100.0       0.0007543          0.5514
3      100.0       0.0009103          0.4919
3      100.0        0.001099          0.4393
3      100.0        0.001326          0.3928
3      100.0          0.0016          0.3517
3      100.0        0.001931          0.3153
3      100.0         0.00233          0.2831
3      100.0        0.002812          0.2546
3      100.0        0.003393          0.2293
3      100.0        0.004095          0.2069
3      100.0        0.004942           0.187
3      100.0        0.005964          0.1692
3      100.0        0.007197          0.1534
3      100.0        0.008685          0.1393
3      100.0         0.01048          0.1266
3      100.0         0.01265          0.1151
3      100.0         0.01526          0.1047
3      100.0         0.01842         0.09515
3      100.0         0.02223         0.08635
3      100.0         0.02683         0.07818
3      100.0         0.03237         0.07052
3      100.0         0.03907         0.06331
3      100.0         0.04715          0.0565
3      100.0          0.0569         0.05008
3      100.0         0.06866         0.04406
3      100.0         0.08286         0.03845
3      100.0             0.1         0.03327
3      100.0           0.101         0.03301
3      100.0          0.1191         0.02882
3      100.0          0.1373         0.02546
3      100.0          0.1554         0.02268
3      100.0          0.1736          0.0203
3      100.0          0.1917         0.01824
3      100.0          0.2099         0.01641
3      100.0           0.228         0.01478
3      100.0          0.2461         0.01331
3      100.0          0.2643         0.01197
3      100.0          0.2824         0.01076
3      100.0          0.3006        0.009658
3      100.0          0.3187        0.008652
3      100.0          0.3369        0.007734
3      100.0           0.355        0.006898
3      100.0          0.3731        0.006136
3      100.0          0.3913        0.005444
3      100.0          0.4094        0.004815
3      100.0          0.4276        0.004244
3      100.0          0.4457        0.003729
3      100.0          0.4639        0.003264
3      100.0           0.482        0.002845
3      100.0          0.5001        0.002469
3      100.0          0.5183        0.002133
3      100.0          0.5364        0.001834
3      100.0          0.5546        0.001568
3      100.0          0.5727        0.001332
3      100.0          0.5909        0.001125
3      100.0           0.609       0.0009434
3      100.0          0.6271       0.0007851
3      100.0          0.6453       0.0006479
3      100.0          0.6634       0.0005297
3      100.0          0.6816       0.0004286
3      100.0          0.6997       0.0003429
3      100.0          0.7179       0.0002708
3      100.0           0.736       0.0002108
3      100.0          0.7541       0.0001613
3      100.0          0.7723       0.0001211
3      100.0          0.7904       8.884e-05
3      100.0          0.8086       6.346e-05
3      100.0          0.8267       4.379e-05
3      100.0          0.8449       2.891e-05
3      100.0           0.863       1.796e-05
3      100.0          0.8811       1.017e-05
3      100.0          0.8993       4.784e-06
3      100.0          0.9174       1.183e-06
3      100.0          0.9356      -1.132e-06
3      100.0          0.9537      -2.593e-06
3      100.0          0.9719      -3.581e-06
3      100.0            0.99      -4.389e-06
3     1000.0           1e-05           90.39
3     1000.0       1.207e-05           79.57
3     1000.0       1.456e-05           70.07
3     1000.0       1.758e-05           61.72
3     1000.0       2.121e-05           54.39
3     1000.0        2.56e-05           47.96
3     1000.0       3.089e-05           42.31
3     1000.0       3.728e-05           37.34
3     1000.0       4.498e-05           32.97
3     1000.0       5.429e-05           29.13
3     1000.0       6.551e-05           25.75
3     1000.0       7.906e-05           22.77
3     1000.0       9.541e-05           20.15
3     1000.0       0.0001151           17.84
3     1000.0       0.0001389            15.8
3     1000.0       0.0001677           14.01
3     1000.0       0.0002024           12.43
3     1000.0       0.0002442           11.03
3     1000.0       0.0002947           9.797
3     1000.0       0.0003556           8.709
3     1000.0       0.0004292           7.747
3     1000.0       0.0005179           6.898
3     1000.0       0.0006251           6.148
3     1000.0       0.0007543           5.484
3     1000.0       0.0009103           4.897
3     1000.0        0.001099           4.378
3     1000.0        0.001326           3.918
3     1000.0          0.0016           3.511
3     1000.0        0.001931            3.15
3     1000.0         0.00233            2.83
3     1000.0        0.002812           2.545
3     1000.0        0.003393           2.293
3     1000.0        0.004095           2.068
3     1000.0        0.004942           1.867
3     1000.0        0.005964           1.688
3     1000.0        0.007197           1.527
3     1000.0        0.008685           1.383
3     1000.0         0.01048           1.253
3     1000.0         0.01265           1.134
3     1000.0         0.01526           1.026
3     1000.0         0.01842          0.9274
3     1000.0         0.02223          0.8359
3     1000.0         0.02683           0.751
3     1000.0         0.03237          0.6717
3     1000.0         0.03907          0.5975
3     1000.0         0.04715          0.5281
3     1000.0          0.0569          0.4633
3     1000.0         0.06866          0.4032
3     1000.0         0.08286          0.3477
3     1000.0             0.1          0.2969
3     1000.0           0.101          0.2944
3     1000.0          0.1191          0.2536
3     1000.0          0.1373          0.2211
3     1000.0          0.1554          0.1943
3     1000.0          0.1736          0.1717
3     1000.0          0.1917          0.1522
3     1000.0          0.2099          0.1352
3     1000.0           0.228          0.1201
3     1000.0          0.2461          0.1068
3     1000.0          0.2643         0.09488
3     1000.0          0.2824         0.08421
3     1000.0          0.3006         0.07463
3     1000.0          0.3187         0.06603
3     1000.0          0.3369         0.05831
3     1000.0           0.355         0.05137
3     1000.0          0.3731         0.04514
3     1000.0          0.3913         0.03955
3     1000.0          0.4094         0.03455
3     1000.0          0.4276         0.03008
3     1000.0          0.4457          0.0261
3     1000.0          0.4639         0.02255
3     1000.0           0.482         0.01941
3     1000.0          0.5001         0.01662
3     1000.0          0.5183         0.01417
3     1000.0          0.5364         0.01201
3     1000.0          0.5546         0.01013
3     1000.0          0.5727        0.008481
3     1000.0          0.5909        0.007054
3     1000.0           0.609        0.005823
3     1000.0          0.6271        0.004767
3     1000.0          0.6453        0.003866
3     1000.0          0.6634        0.003103
3     1000.0          0.6816        0.002462
3     1000.0          0.6997        0.001929
3     1000.0          0.7179        0.001489
3     1000.0           0.736         0.00113
3     1000.0          0.7541       0.0008407
3     1000.0          0.7723       0.0006106
3     1000.0          0.7904        0.000431
3     1000.0          0.8086       0.0002932
3     1000.0          0.8267       0.0001893
3     1000.0          0.8449        0.000113
3     1000.0           0.863       5.864e-05
3     1000.0          0.8811       2.125e-05
3     1000.0          0.8993      -3.922e-06
3     1000.0          0.9174      -2.047e-05
3     1000.0          0.9356       -3.12e-05
3     1000.0          0.9537      -3.838e-05
3     1000.0          0.9719       -4.39e-05
3     1000.0            0.99      -4.892e-05
