0        5.0           1e-05          0.1579
0        5.0       1.207e-05          0.1576
0        5.0       1.456e-05          0.1572
0        5.0       1.758e-05          0.1566
0        5.0       2.121e-05          0.1559
0        5.0        2.56e-05          0.1551
0        5.0       3.089e-05          0.1553
0        5.0       3.728e-05          0.1538
0        5.0       4.498e-05          0.1381
0        5.0       5.429e-05          0.1338
0        5.0       6.551e-05          0.1325
0        5.0       7.906e-05          0.1316
0        5.0       9.541e-05          0.1305
0        5.0       0.0001151          0.1293
0        5.0       0.0001389           0.128
0        5.0       0.0001677          0.1268
0        5.0       0.0002024          0.1254
0        5.0       0.0002442           0.124
0        5.0       0.0002947          0.1226
0        5.0       0.0003556          0.1211
0        5.0       0.0004292          0.1196
0        5.0       0.0005179           0.118
0        5.0       0.0006251          0.1165
0        5.0       0.0007543           0.115
0        5.0       0.0009103          0.1135
0        5.0        0.001099           0.112
0        5.0        0.001326          0.1106
0        5.0          0.0016          0.1092
0        5.0        0.001931          0.1078
0        5.0         0.00233          0.1064
0        5.0        0.002812          0.1051
0        5.0        0.003393          0.1038
0        5.0        0.004095          0.1026
0        5.0        0.004942          0.1013
0        5.0        0.005964         0.09997
0        5.0        0.007197         0.09859
0        5.0        0.008685         0.09709
0        5.0         0.01048         0.09542
0        5.0         0.01265         0.09353
0        5.0         0.01526         0.09136
0        5.0         0.01842         0.08886
0        5.0         0.02223         0.08596
0        5.0         0.02683         0.08265
0        5.0         0.03237         0.07891
0        5.0         0.03907         0.07493
0        5.0         0.04715         0.06956
0        5.0          0.0569         0.06454
0        5.0         0.06866         0.05955
0        5.0         0.08286         0.05451
0        5.0             0.1         0.04958
0        5.0           0.101         0.04932
0        5.0          0.1191         0.04503
0        5.0          0.1373         0.04138
0        5.0          0.1554         0.03819
0        5.0          0.1736         0.03532
0        5.0          0.1917          0.0327
0        5.0          0.2099         0.03026
0        5.0           0.228         0.02796
0        5.0          0.2461         0.02578
0        5.0          0.2643         0.02371
0        5.0          0.2824         0.02174
0        5.0          0.3006         0.01987
0        5.0          0.3187         0.01809
0        5.0          0.3369          0.0164
0        5.0           0.355          0.0148
0        5.0          0.3731          0.0133
0        5.0          0.3913         0.01189
0        5.0          0.4094         0.01068
0        5.0          0.4276         0.00953
0        5.0          0.4457        0.008386
0        5.0          0.4639        0.007347
0        5.0           0.482        0.006402
0        5.0          0.5001        0.005553
0        5.0          0.5183        0.004786
0        5.0          0.5364        0.004095
0        5.0          0.5546        0.003467
0        5.0          0.5727        0.002921
0        5.0          0.5909         0.00244
0        5.0           0.609         0.00202
0        5.0          0.6271        0.001657
0        5.0          0.6453        0.001346
0        5.0          0.6634         0.00108
0        5.0          0.6816       0.0008568
0        5.0          0.6997       0.0006703
0        5.0          0.7179       0.0005165
0        5.0           0.736       0.0003913
0        5.0          0.7541       0.0002907
0        5.0          0.7723       0.0002112
0        5.0          0.7904       0.0001496
0        5.0          0.8086       0.0001029
0        5.0          0.8267       6.807e-05
0        5.0          0.8449       4.314e-05
0        5.0           0.863       2.586e-05
0        5.0          0.8811       1.445e-05
0        5.0          0.8993        7.34e-06
0        5.0          0.9174       3.266e-06
0        5.0          0.9356       1.191e-06
0        5.0          0.9537       3.116e-07
0        5.0          0.9719       4.127e-08
0        5.0            0.99       6.663e-10
0       10.0           1e-05           0.316
0       10.0       1.207e-05          0.3102
0       10.0       1.456e-05          0.3046
0       10.0       1.758e-05          0.2992
0       10.0       2.121e-05          0.2938
0       10.0        2.56e-05          0.2883
0       10.0       3.089e-05          0.2826
0       10.0       3.728e-05          0.2765
0       10.0       4.498e-05          0.2701
0       10.0       5.429e-05          0.2643
0       10.0       6.551e-05           0.258
0       10.0       7.906e-05          0.2456
0       10.0       9.541e-05          0.2314
0       10.0       0.0001151          0.2232
0       10.0       0.0001389          0.2181
0       10.0       0.0001677          0.2127
0       10.0       0.0002024          0.2071
0       10.0       0.0002442          0.2016
0       10.0       0.0002947          0.1962
0       10.0       0.0003556          0.1908
0       10.0       0.0004292          0.1854
0       10.0       0.0005179            0.18
0       10.0       0.0006251          0.1746
0       10.0       0.0007543          0.1693
0       10.0       0.0009103          0.1641
0       10.0        0.001099          0.1589
0       10.0        0.001326          0.1539
0       10.0          0.0016           0.149
0       10.0        0.001931          0.1442
0       10.0         0.00233          0.1395
0       10.0        0.002812          0.1349
0       10.0        0.003393          0.1303
0       10.0        0.004095          0.1258
0       10.0        0.004942          0.1213
0       10.0        0.005964          0.1169
0       10.0        0.007197          0.1124
0       10.0        0.008685          0.1079
0       10.0         0.01048          0.1034
0       10.0         0.01265         0.09871
0       10.0         0.01526         0.09391
0       10.0         0.01842         0.08895
0       10.0         0.02223         0.08382
0       10.0         0.02683         0.07852
0       10.0         0.03237         0.07307
0       10.0         0.03907         0.06753
0       10.0         0.04715         0.06195
0       10.0          0.0569         0.05642
0       10.0         0.06866         0.05109
0       10.0         0.08286         0.04577
0       10.0             0.1         0.04073
0       10.0           0.101         0.04048
0       10.0          0.1191         0.03635
0       10.0          0.1373         0.03286
0       10.0          0.1554         0.02999
0       10.0          0.1736         0.02746
0       10.0          0.1917         0.02517
0       10.0          0.2099         0.02307
0       10.0           0.228         0.02113
0       10.0          0.2461         0.01932
0       10.0          0.2643         0.01762
0       10.0          0.2824         0.01602
0       10.0          0.3006         0.01452
0       10.0          0.3187         0.01311
0       10.0          0.3369          0.0118
0       10.0           0.355         0.01057
0       10.0          0.3731        0.009434
0       10.0          0.3913         0.00838
0       10.0          0.4094        0.007409
0       10.0          0.4276        0.006518
0       10.0          0.4457        0.005704
0       10.0          0.4639        0.004966
0       10.0           0.482        0.004298
0       10.0          0.5001        0.003695
0       10.0          0.5183        0.003157
0       10.0          0.5364         0.00268
0       10.0          0.5546        0.002272
0       10.0          0.5727        0.001914
0       10.0          0.5909        0.001589
0       10.0           0.609        0.001307
0       10.0          0.6271        0.001065
0       10.0          0.6453       0.0008711
0       10.0          0.6634       0.0006938
0       10.0          0.6816       0.0005464
0       10.0          0.6997       0.0004243
0       10.0          0.7179       0.0003241
0       10.0           0.736       0.0002436
0       10.0          0.7541       0.0001795
0       10.0          0.7723       0.0001293
0       10.0          0.7904       9.075e-05
0       10.0          0.8086       6.184e-05
0       10.0          0.8267       4.047e-05
0       10.0          0.8449       2.535e-05
0       10.0           0.863         1.5e-05
0       10.0          0.8811       8.257e-06
0       10.0          0.8993       4.125e-06
0       10.0          0.9174       1.798e-06
0       10.0          0.9356       6.395e-07
0       10.0          0.9537       1.618e-07
0       10.0          0.9719       2.037e-08
0       10.0            0.99        3.06e-10
0      100.0           1e-05           1.092
0      100.0       1.207e-05           1.041
0      100.0       1.456e-05          0.9919
0      100.0       1.758e-05          0.9457
0      100.0       2.121e-05          0.9032
0      100.0        2.56e-05          0.8641
0      100.0       3.089e-05          0.8279
0      100.0       3.728e-05          0.7937
0      100.0       4.498e-05          0.7602
0      100.0       5.429e-05          0.7268
0      100.0       6.551e-05          0.6927
0      100.0       7.906e-05           0.658
0      100.0       9.541e-05           0.623
0      100.0       0.0001151          0.5883
0      100.0       0.0001389          0.5546
0      100.0       0.0001677          0.5226
0      100.0       0.0002024          0.4926
0      100.0       0.0002442          0.4649
0      100.0       0.0002947          0.4393
0      100.0       0.0003556          0.4153
0      100.0       0.0004292          0.3928
0      100.0       0.0005179          0.3715
0      100.0       0.0006251          0.3503
0      100.0       0.0007543           0.328
0      100.0       0.0009103          0.3085
0      100.0        0.001099          0.2871
0      100.0        0.001326          0.2689
0      100.0          0.0016          0.2519
0      100.0        0.001931          0.2356
0      100.0         0.00233            0.22
0      100.0        0.002812          0.2051
0      100.0        0.003393           0.191
0      100.0        0.004095          0.1775
0      100.0        0.004942          0.1645
0      100.0        0.005964          0.1522
0      100.0        0.007197          0.1404
0      100.0        0.008685          0.1291
0      100.0         0.01048          0.1183
0      100.0         0.01265           0.108
0      100.0         0.01526         0.09809
0      100.0         0.01842         0.08868
0      100.0         0.02223         0.07972
0      100.0         0.02683         0.07121
0      100.0         0.03237         0.06319
0      100.0         0.03907         0.05567
0      100.0         0.04715         0.04869
0      100.0          0.0569         0.04229
0      100.0         0.06866         0.03647
0      100.0         0.08286         0.03125
0      100.0             0.1         0.02659
0      100.0           0.101         0.02636
0      100.0          0.1191         0.02273
0      100.0          0.1373         0.01987
0      100.0          0.1554         0.01755
0      100.0          0.1736          0.0156
0      100.0          0.1917         0.01391
0      100.0          0.2099         0.01243
0      100.0           0.228         0.01111
0      100.0          0.2461        0.009921
0      100.0          0.2643        0.008849
0      100.0          0.2824        0.007877
0      100.0          0.3006        0.006993
0      100.0          0.3187        0.006191
0      100.0          0.3369        0.005462
0      100.0           0.355        0.004801
0      100.0          0.3731        0.004203
0      100.0          0.3913        0.003666
0      100.0          0.4094        0.003183
0      100.0          0.4276        0.002751
0      100.0          0.4457        0.002366
0      100.0          0.4639        0.002031
0      100.0           0.482        0.001736
0      100.0          0.5001        0.001469
0      100.0          0.5183        0.001234
0      100.0          0.5364        0.001033
0      100.0          0.5546       0.0008537
0      100.0          0.5727       0.0007113
0      100.0          0.5909        0.000581
0      100.0           0.609         0.00047
0      100.0          0.6271       0.0003765
0      100.0          0.6453       0.0002985
0      100.0          0.6634       0.0002339
0      100.0          0.6816       0.0001808
0      100.0          0.6997       0.0001379
0      100.0          0.7179       0.0001035
0      100.0           0.736       7.625e-05
0      100.0          0.7541       5.505e-05
0      100.0          0.7723       3.882e-05
0      100.0          0.7904       2.662e-05
0      100.0          0.8086        1.77e-05
0      100.0          0.8267       1.128e-05
0      100.0          0.8449       6.861e-06
0      100.0           0.863       3.931e-06
0      100.0          0.8811       2.082e-06
0      100.0          0.8993       9.964e-07
0      100.0          0.9174       4.147e-07
0      100.0          0.9356         1.4e-07
0      100.0          0.9537       3.323e-08
0      100.0          0.9719       3.657e-09
0      100.0            0.99       4.672e-11
0     1000.0           1e-05           1.944
0     1000.0       1.207e-05           1.829
0     1000.0       1.456e-05           1.718
0     1000.0       1.758e-05           1.613
0     1000.0       2.121e-05           1.517
0     1000.0        2.56e-05           1.429
0     1000.0       3.089e-05            1.35
0     1000.0       3.728e-05           1.277
0     1000.0       4.498e-05           1.209
0     1000.0       5.429e-05           1.142
0     1000.0       6.551e-05           1.076
0     1000.0       7.906e-05            1.01
0     1000.0       9.541e-05          0.9438
0     1000.0       0.0001151          0.8785
0     1000.0       0.0001389          0.8154
0     1000.0       0.0001677          0.7556
0     1000.0       0.0002024             0.7
0     1000.0       0.0002442          0.6492
0     1000.0       0.0002947          0.6029
0     1000.0       0.0003556          0.5607
0     1000.0       0.0004292          0.5217
0     1000.0       0.0005179          0.4852
0     1000.0       0.0006251          0.4508
0     1000.0       0.0007543          0.4179
0     1000.0       0.0009103          0.3866
0     1000.0        0.001099          0.3568
0     1000.0        0.001326          0.3287
0     1000.0          0.0016          0.3022
0     1000.0        0.001931          0.2774
0     1000.0         0.00233          0.2542
0     1000.0        0.002812          0.2326
0     1000.0        0.003393          0.2123
0     1000.0        0.004095          0.1934
0     1000.0        0.004942          0.1758
0     1000.0        0.005964          0.1593
0     1000.0        0.007197          0.1435
0     1000.0        0.008685          0.1284
0     1000.0         0.01048          0.1151
0     1000.0         0.01265          0.1026
0     1000.0         0.01526         0.09098
0     1000.0         0.01842          0.0803
0     1000.0         0.02223         0.07045
0     1000.0         0.02683         0.06142
0     1000.0         0.03237         0.05318
0     1000.0         0.03907         0.04572
0     1000.0         0.04715         0.03903
0     1000.0          0.0569         0.03308
0     1000.0         0.06866         0.02785
0     1000.0         0.08286         0.02328
0     1000.0             0.1         0.01932
0     1000.0           0.101         0.01913
0     1000.0          0.1191         0.01611
0     1000.0          0.1373         0.01379
0     1000.0          0.1554         0.01194
0     1000.0          0.1736         0.01042
0     1000.0          0.1917         0.00913
0     1000.0          0.2099        0.008022
0     1000.0           0.228        0.007056
0     1000.0          0.2461        0.006207
0     1000.0          0.2643        0.005456
0     1000.0          0.2824        0.004788
0     1000.0          0.3006        0.004193
0     1000.0          0.3187        0.003662
0     1000.0          0.3369         0.00319
0     1000.0           0.355        0.002769
0     1000.0          0.3731        0.002395
0     1000.0          0.3913        0.002064
0     1000.0          0.4094        0.001771
0     1000.0          0.4276        0.001513
0     1000.0          0.4457        0.001286
0     1000.0          0.4639        0.001088
0     1000.0           0.482       0.0009152
0     1000.0          0.5001       0.0007655
0     1000.0          0.5183       0.0006364
0     1000.0          0.5364       0.0005266
0     1000.0          0.5546       0.0004304
0     1000.0          0.5727       0.0003504
0     1000.0          0.5909       0.0002827
0     1000.0           0.609        0.000226
0     1000.0          0.6271       0.0001789
0     1000.0          0.6453       0.0001401
0     1000.0          0.6634       0.0001084
0     1000.0          0.6816       8.277e-05
0     1000.0          0.6997       6.228e-05
0     1000.0          0.7179       4.608e-05
0     1000.0           0.736       3.346e-05
0     1000.0          0.7541       2.379e-05
0     1000.0          0.7723        1.65e-05
0     1000.0          0.7904       1.112e-05
0     1000.0          0.8086       7.256e-06
0     1000.0          0.8267       4.529e-06
0     1000.0          0.8449       2.694e-06
0     1000.0           0.863       1.503e-06
0     1000.0          0.8811       7.756e-07
0     1000.0          0.8993       3.596e-07
0     1000.0          0.9174       1.478e-07
0     1000.0          0.9356       4.692e-08
0     1000.0          0.9537       1.028e-08
0     1000.0          0.9719       1.034e-09
0     1000.0            0.99       1.194e-11
1        5.0           1e-05       -2.47e-11
1        5.0       1.207e-05      -2.465e-11
1        5.0       1.456e-05      -2.373e-11
1        5.0       1.758e-05      -2.319e-11
1        5.0       2.121e-05      -2.385e-11
1        5.0        2.56e-05      -2.643e-11
1        5.0       3.089e-05      -3.058e-11
1        5.0       3.728e-05      -4.563e-11
1        5.0       4.498e-05      -8.397e-11
1        5.0       5.429e-05      -1.523e-10
1        5.0       6.551e-05       -2.46e-10
1        5.0       7.906e-05      -3.909e-10
1        5.0       9.541e-05      -6.107e-10
1        5.0       0.0001151       -9.42e-10
1        5.0       0.0001389      -1.436e-09
1        5.0       0.0001677      -2.168e-09
1        5.0       0.0002024      -3.234e-09
1        5.0       0.0002442      -4.784e-09
1        5.0       0.0002947      -7.018e-09
1        5.0       0.0003556       -1.03e-08
1        5.0       0.0004292      -1.522e-08
1        5.0       0.0005179      -2.258e-08
1        5.0       0.0006251      -3.335e-08
1        5.0       0.0007543      -4.865e-08
1        5.0       0.0009103      -7.092e-08
1        5.0        0.001099      -1.042e-07
1        5.0        0.001326      -1.519e-07
1        5.0          0.0016      -2.101e-07
1        5.0        0.001931      -2.983e-07
1        5.0         0.00233      -4.249e-07
1        5.0        0.002812      -5.995e-07
1        5.0        0.003393      -8.391e-07
1        5.0        0.004095      -1.176e-06
1        5.0        0.004942      -1.604e-06
1        5.0        0.005964      -2.161e-06
1        5.0        0.007197      -2.947e-06
1        5.0        0.008685      -4.023e-06
1        5.0         0.01048      -5.535e-06
1        5.0         0.01265      -7.659e-06
1        5.0         0.01526      -1.062e-05
1        5.0         0.01842      -1.511e-05
1        5.0         0.02223      -2.208e-05
1        5.0         0.02683      -3.309e-05
1        5.0         0.03237      -5.037e-05
1        5.0         0.03907      -7.924e-05
1        5.0         0.04715      -0.0001248
1        5.0          0.0569       -0.000188
1        5.0         0.06866      -0.0002779
1        5.0         0.08286      -0.0004767
1        5.0             0.1      -0.0008335
1        5.0           0.101      -0.0008549
1        5.0          0.1191       -0.001289
1        5.0          0.1373       -0.001879
1        5.0          0.1554        -0.00261
1        5.0          0.1736       -0.003484
1        5.0          0.1917       -0.004484
1        5.0          0.2099       -0.005564
1        5.0           0.228       -0.006753
1        5.0          0.2461       -0.007995
1        5.0          0.2643       -0.009295
1        5.0          0.2824        -0.01065
1        5.0          0.3006        -0.01193
1        5.0          0.3187        -0.01317
1        5.0          0.3369        -0.01438
1        5.0           0.355        -0.01558
1        5.0          0.3731        -0.01664
1        5.0          0.3913        -0.01744
1        5.0          0.4094        -0.01814
1        5.0          0.4276         -0.0187
1        5.0          0.4457        -0.01916
1        5.0          0.4639        -0.01945
1        5.0           0.482        -0.01944
1        5.0          0.5001        -0.01919
1        5.0          0.5183        -0.01904
1        5.0          0.5364         -0.0187
1        5.0          0.5546         -0.0182
1        5.0          0.5727        -0.01797
1        5.0          0.5909        -0.01731
1        5.0           0.609        -0.01608
1        5.0          0.6271        -0.01519
1        5.0          0.6453        -0.01426
1        5.0          0.6634        -0.01368
1        5.0          0.6816        -0.01256
1        5.0          0.6997        -0.01163
1        5.0          0.7179        -0.01074
1        5.0           0.736       -0.009549
1        5.0          0.7541       -0.008277
1        5.0          0.7723        -0.00727
1        5.0          0.7904       -0.006768
1        5.0          0.8086       -0.006205
1        5.0          0.8267       -0.005603
1        5.0          0.8449       -0.004954
1        5.0           0.863       -0.004314
1        5.0          0.8811       -0.003714
1        5.0          0.8993       -0.003303
1        5.0          0.9174       -0.002903
1        5.0          0.9356       -0.002535
1        5.0          0.9537       -0.002281
1        5.0          0.9719       -0.002083
1        5.0            0.99       -0.001822
1       10.0           1e-05      -1.345e-11
1       10.0       1.207e-05      -1.423e-11
1       10.0       1.456e-05        -1.5e-11
1       10.0       1.758e-05       -1.65e-11
1       10.0       2.121e-05      -1.931e-11
1       10.0        2.56e-05       -2.41e-11
1       10.0       3.089e-05      -3.142e-11
1       10.0       3.728e-05      -4.658e-11
1       10.0       4.498e-05      -7.578e-11
1       10.0       5.429e-05      -1.235e-10
1       10.0       6.551e-05      -1.908e-10
1       10.0       7.906e-05       -2.93e-10
1       10.0       9.541e-05       -4.47e-10
1       10.0       0.0001151       -6.77e-10
1       10.0       0.0001389      -1.017e-09
1       10.0       0.0001677      -1.516e-09
1       10.0       0.0002024      -2.239e-09
1       10.0       0.0002442      -3.287e-09
1       10.0       0.0002947      -4.794e-09
1       10.0       0.0003556      -7.006e-09
1       10.0       0.0004292       -1.03e-08
1       10.0       0.0005179      -1.518e-08
1       10.0       0.0006251      -2.227e-08
1       10.0       0.0007543       -3.24e-08
1       10.0       0.0009103      -4.715e-08
1       10.0        0.001099      -6.878e-08
1       10.0        0.001326      -9.949e-08
1       10.0          0.0016      -1.392e-07
1       10.0        0.001931      -1.981e-07
1       10.0         0.00233       -2.82e-07
1       10.0        0.002812      -3.984e-07
1       10.0        0.003393      -5.591e-07
1       10.0        0.004095      -7.829e-07
1       10.0        0.004942      -1.078e-06
1       10.0        0.005964      -1.472e-06
1       10.0        0.007197      -2.022e-06
1       10.0        0.008685       -2.78e-06
1       10.0         0.01048       -3.84e-06
1       10.0         0.01265      -5.319e-06
1       10.0         0.01526      -7.369e-06
1       10.0         0.01842      -1.039e-05
1       10.0         0.02223      -1.489e-05
1       10.0         0.02683      -2.174e-05
1       10.0         0.03237      -3.213e-05
1       10.0         0.03907      -4.865e-05
1       10.0         0.04715      -7.393e-05
1       10.0          0.0569      -0.0001093
1       10.0         0.06866      -0.0001598
1       10.0         0.08286       -0.000264
1       10.0             0.1      -0.0004473
1       10.0           0.101      -0.0004584
1       10.0          0.1191      -0.0006824
1       10.0          0.1373      -0.0009783
1       10.0          0.1554       -0.001341
1       10.0          0.1736       -0.001769
1       10.0          0.1917       -0.002253
1       10.0          0.2099       -0.002775
1       10.0           0.228       -0.003343
1       10.0          0.2461       -0.003935
1       10.0          0.2643       -0.004552
1       10.0          0.2824       -0.005185
1       10.0          0.3006       -0.005779
1       10.0          0.3187       -0.006359
1       10.0          0.3369       -0.006919
1       10.0           0.355       -0.007469
1       10.0          0.3731       -0.007915
1       10.0          0.3913       -0.008264
1       10.0          0.4094       -0.008563
1       10.0          0.4276       -0.008791
1       10.0          0.4457       -0.008965
1       10.0          0.4639       -0.009029
1       10.0           0.482       -0.008921
1       10.0          0.5001       -0.008811
1       10.0          0.5183         -0.0087
1       10.0          0.5364       -0.008432
1       10.0          0.5546       -0.008283
1       10.0          0.5727        -0.00795
1       10.0          0.5909       -0.007359
1       10.0           0.609       -0.006923
1       10.0          0.6271       -0.006452
1       10.0          0.6453       -0.006126
1       10.0          0.6634       -0.005513
1       10.0          0.6816       -0.005098
1       10.0          0.6997        -0.00451
1       10.0          0.7179       -0.003876
1       10.0           0.736       -0.003351
1       10.0          0.7541       -0.003073
1       10.0          0.7723       -0.002761
1       10.0          0.7904       -0.002427
1       10.0          0.8086       -0.002086
1       10.0          0.8267       -0.001754
1       10.0          0.8449       -0.001517
1       10.0           0.863       -0.001298
1       10.0          0.8811       -0.001119
1       10.0          0.8993      -0.0009919
1       10.0          0.9174      -0.0008566
1       10.0          0.9356      -0.0006815
1       10.0          0.9537      -0.0005442
1       10.0          0.9719      -0.0004376
1       10.0            0.99      -0.0003582
1      100.0           1e-05      -3.061e-12
1      100.0       1.207e-05      -3.905e-12
1      100.0       1.456e-05      -5.069e-12
1      100.0       1.758e-05      -6.753e-12
1      100.0       2.121e-05      -9.184e-12
1      100.0        2.56e-05      -1.267e-11
1      100.0       3.089e-05      -1.763e-11
1      100.0       3.728e-05       -2.51e-11
1      100.0       4.498e-05      -3.623e-11
1      100.0       5.429e-05      -5.233e-11
1      100.0       6.551e-05      -7.496e-11
1      100.0       7.906e-05      -1.076e-10
1      100.0       9.541e-05      -1.548e-10
1      100.0       0.0001151      -2.222e-10
1      100.0       0.0001389      -3.176e-10
1      100.0       0.0001677       -4.53e-10
1      100.0       0.0002024      -6.454e-10
1      100.0       0.0002442      -9.179e-10
1      100.0       0.0002947      -1.301e-09
1      100.0       0.0003556      -1.848e-09
1      100.0       0.0004292      -2.634e-09
1      100.0       0.0005179      -3.759e-09
1      100.0       0.0006251      -5.346e-09
1      100.0       0.0007543      -7.582e-09
1      100.0       0.0009103      -1.075e-08
1      100.0        0.001099      -1.521e-08
1      100.0        0.001326      -2.141e-08
1      100.0          0.0016      -2.983e-08
1      100.0        0.001931      -4.177e-08
1      100.0         0.00233      -5.842e-08
1      100.0        0.002812      -8.128e-08
1      100.0        0.003393      -1.125e-07
1      100.0        0.004095      -1.553e-07
1      100.0        0.004942       -2.13e-07
1      100.0        0.005964       -2.91e-07
1      100.0        0.007197       -3.97e-07
1      100.0        0.008685      -5.418e-07
1      100.0         0.01048      -7.399e-07
1      100.0         0.01265       -1.01e-06
1      100.0         0.01526      -1.377e-06
1      100.0         0.01842       -1.89e-06
1      100.0         0.02223      -2.614e-06
1      100.0         0.02683       -3.65e-06
1      100.0         0.03237      -5.134e-06
1      100.0         0.03907      -7.305e-06
1      100.0         0.04715      -1.047e-05
1      100.0          0.0569      -1.492e-05
1      100.0         0.06866      -2.126e-05
1      100.0         0.08286      -3.265e-05
1      100.0             0.1      -5.205e-05
1      100.0           0.101      -5.325e-05
1      100.0          0.1191      -7.676e-05
1      100.0          0.1373       -0.000106
1      100.0          0.1554      -0.0001407
1      100.0          0.1736      -0.0001802
1      100.0          0.1917      -0.0002235
1      100.0          0.2099      -0.0002697
1      100.0           0.228      -0.0003184
1      100.0          0.2461      -0.0003683
1      100.0          0.2643      -0.0004188
1      100.0          0.2824      -0.0004688
1      100.0          0.3006      -0.0005151
1      100.0          0.3187      -0.0005593
1      100.0          0.3369      -0.0006005
1      100.0           0.355      -0.0006376
1      100.0          0.3731      -0.0006653
1      100.0          0.3913      -0.0006868
1      100.0          0.4094      -0.0007026
1      100.0          0.4276       -0.000712
1      100.0          0.4457       -0.000715
1      100.0          0.4639      -0.0007062
1      100.0           0.482      -0.0006921
1      100.0          0.5001      -0.0006777
1      100.0          0.5183      -0.0006526
1      100.0          0.5364      -0.0006319
1      100.0          0.5546      -0.0005992
1      100.0          0.5727      -0.0005522
1      100.0          0.5909       -0.000513
1      100.0           0.609      -0.0004712
1      100.0          0.6271      -0.0004365
1      100.0          0.6453      -0.0003889
1      100.0          0.6634      -0.0003467
1      100.0          0.6816       -0.000298
1      100.0          0.6997      -0.0002517
1      100.0          0.7179      -0.0002234
1      100.0           0.736      -0.0001965
1      100.0          0.7541      -0.0001681
1      100.0          0.7723      -0.0001404
1      100.0          0.7904      -0.0001159
1      100.0          0.8086      -9.757e-05
1      100.0          0.8267      -8.089e-05
1      100.0          0.8449      -6.843e-05
1      100.0           0.863       -5.61e-05
1      100.0          0.8811      -4.258e-05
1      100.0          0.8993      -3.236e-05
1      100.0          0.9174      -2.456e-05
1      100.0          0.9356      -1.833e-05
1      100.0          0.9537      -1.111e-05
1      100.0          0.9719      -6.402e-06
1      100.0            0.99      -1.757e-06
1     1000.0           1e-05      -6.845e-13
1     1000.0       1.207e-05        -9.2e-13
1     1000.0       1.456e-05      -1.242e-12
1     1000.0       1.758e-05      -1.698e-12
1     1000.0       2.121e-05       -2.34e-12
1     1000.0        2.56e-05      -3.236e-12
1     1000.0       3.089e-05      -4.485e-12
1     1000.0       3.728e-05      -6.272e-12
1     1000.0       4.498e-05      -8.812e-12
1     1000.0       5.429e-05      -1.238e-11
1     1000.0       6.551e-05      -1.731e-11
1     1000.0       7.906e-05      -2.427e-11
1     1000.0       9.541e-05      -3.407e-11
1     1000.0       0.0001151      -4.778e-11
1     1000.0       0.0001389      -6.675e-11
1     1000.0       0.0001677      -9.321e-11
1     1000.0       0.0002024      -1.302e-10
1     1000.0       0.0002442      -1.818e-10
1     1000.0       0.0002947       -2.53e-10
1     1000.0       0.0003556      -3.526e-10
1     1000.0       0.0004292      -4.927e-10
1     1000.0       0.0005179      -6.888e-10
1     1000.0       0.0006251      -9.601e-10
1     1000.0       0.0007543      -1.336e-09
1     1000.0       0.0009103      -1.857e-09
1     1000.0        0.001099      -2.577e-09
1     1000.0        0.001326      -3.563e-09
1     1000.0          0.0016        -4.9e-09
1     1000.0        0.001931      -6.753e-09
1     1000.0         0.00233      -9.296e-09
1     1000.0        0.002812      -1.274e-08
1     1000.0        0.003393      -1.738e-08
1     1000.0        0.004095      -2.367e-08
1     1000.0        0.004942      -3.211e-08
1     1000.0        0.005964      -4.342e-08
1     1000.0        0.007197      -5.856e-08
1     1000.0        0.008685      -7.894e-08
1     1000.0         0.01048      -1.064e-07
1     1000.0         0.01265      -1.433e-07
1     1000.0         0.01526      -1.925e-07
1     1000.0         0.01842      -2.597e-07
1     1000.0         0.02223      -3.522e-07
1     1000.0         0.02683      -4.809e-07
1     1000.0         0.03237        -6.6e-07
1     1000.0         0.03907      -9.126e-07
1     1000.0         0.04715      -1.274e-06
1     1000.0          0.0569      -1.777e-06
1     1000.0         0.06866      -2.488e-06
1     1000.0         0.08286      -3.682e-06
1     1000.0             0.1      -5.677e-06
1     1000.0           0.101      -5.801e-06
1     1000.0          0.1191       -8.18e-06
1     1000.0          0.1373      -1.103e-05
1     1000.0          0.1554      -1.433e-05
1     1000.0          0.1736        -1.8e-05
1     1000.0          0.1917      -2.193e-05
1     1000.0          0.2099      -2.605e-05
1     1000.0           0.228      -3.031e-05
1     1000.0          0.2461      -3.458e-05
1     1000.0          0.2643      -3.881e-05
1     1000.0          0.2824      -4.286e-05
1     1000.0          0.3006      -4.656e-05
1     1000.0          0.3187      -4.999e-05
1     1000.0          0.3369      -5.305e-05
1     1000.0           0.355      -5.563e-05
1     1000.0          0.3731      -5.743e-05
1     1000.0          0.3913      -5.871e-05
1     1000.0          0.4094      -5.945e-05
1     1000.0          0.4276      -5.963e-05
1     1000.0          0.4457      -5.922e-05
1     1000.0          0.4639      -5.792e-05
1     1000.0           0.482      -5.638e-05
1     1000.0          0.5001       -5.45e-05
1     1000.0          0.5183      -5.209e-05
1     1000.0          0.5364      -4.982e-05
1     1000.0          0.5546      -4.647e-05
1     1000.0          0.5727      -4.265e-05
1     1000.0          0.5909      -3.924e-05
1     1000.0           0.609      -3.566e-05
1     1000.0          0.6271      -3.247e-05
1     1000.0          0.6453      -2.875e-05
1     1000.0          0.6634      -2.515e-05
1     1000.0          0.6816      -2.142e-05
1     1000.0          0.6997      -1.824e-05
1     1000.0          0.7179      -1.606e-05
1     1000.0           0.736      -1.385e-05
1     1000.0          0.7541      -1.166e-05
1     1000.0          0.7723      -9.619e-06
1     1000.0          0.7904      -7.942e-06
1     1000.0          0.8086      -6.585e-06
1     1000.0          0.8267      -5.427e-06
1     1000.0          0.8449      -4.484e-06
1     1000.0           0.863        -3.5e-06
1     1000.0          0.8811       -2.61e-06
1     1000.0          0.8993      -1.948e-06
1     1000.0          0.9174       -1.44e-06
1     1000.0          0.9356      -9.575e-07
1     1000.0          0.9537      -5.344e-07
1     1000.0          0.9719      -2.311e-07
1     1000.0            0.99       -2.82e-08
2        5.0           1e-05          0.2684
2        5.0       1.207e-05          0.2458
2        5.0       1.456e-05          0.2229
2        5.0       1.758e-05          0.1998
2        5.0       2.121e-05          0.1775
2        5.0        2.56e-05          0.1572
2        5.0       3.089e-05          0.1411
2        5.0       3.728e-05          0.1302
2        5.0       4.498e-05          0.1232
2        5.0       5.429e-05           0.119
2        5.0       6.551e-05          0.1169
2        5.0       7.906e-05          0.1161
2        5.0       9.541e-05          0.1162
2        5.0       0.0001151          0.1166
2        5.0       0.0001389          0.1172
2        5.0       0.0001677          0.1176
2        5.0       0.0002024          0.1179
2        5.0       0.0002442           0.118
2        5.0       0.0002947          0.1178
2        5.0       0.0003556          0.1175
2        5.0       0.0004292          0.1169
2        5.0       0.0005179          0.1162
2        5.0       0.0006251          0.1153
2        5.0       0.0007543          0.1142
2        5.0       0.0009103           0.113
2        5.0        0.001099          0.1118
2        5.0        0.001326          0.1104
2        5.0          0.0016          0.1089
2        5.0        0.001931          0.1074
2        5.0         0.00233          0.1059
2        5.0        0.002812          0.1043
2        5.0        0.003393          0.1027
2        5.0        0.004095          0.1011
2        5.0        0.004942         0.09952
2        5.0        0.005964         0.09787
2        5.0        0.007197         0.09616
2        5.0        0.008685          0.0944
2        5.0         0.01048         0.09257
2        5.0         0.01265         0.09069
2        5.0         0.01526         0.08875
2        5.0         0.01842         0.08672
2        5.0         0.02223          0.0845
2        5.0         0.02683         0.08196
2        5.0         0.03237         0.07898
2        5.0         0.03907         0.07538
2        5.0         0.04715         0.07109
2        5.0          0.0569          0.0662
2        5.0         0.06866         0.06086
2        5.0         0.08286         0.05525
2        5.0             0.1         0.04946
2        5.0           0.101         0.04916
2        5.0          0.1191         0.04408
2        5.0          0.1373         0.03963
2        5.0          0.1554         0.03559
2        5.0          0.1736         0.03178
2        5.0          0.1917         0.02814
2        5.0          0.2099         0.02461
2        5.0           0.228         0.02117
2        5.0          0.2461          0.0178
2        5.0          0.2643         0.01449
2        5.0          0.2824         0.01126
2        5.0          0.3006        0.008152
2        5.0          0.3187        0.005194
2        5.0          0.3369        0.002349
2        5.0           0.355        -0.00038
2        5.0          0.3731       -0.002964
2        5.0          0.3913       -0.005375
2        5.0          0.4094       -0.007562
2        5.0          0.4276       -0.009527
2        5.0          0.4457        -0.01125
2        5.0          0.4639         -0.0127
2        5.0           0.482          -0.014
2        5.0          0.5001        -0.01496
2        5.0          0.5183        -0.01574
2        5.0          0.5364        -0.01629
2        5.0          0.5546        -0.01657
2        5.0          0.5727        -0.01678
2        5.0          0.5909        -0.01687
2        5.0           0.609        -0.01672
2        5.0          0.6271         -0.0165
2        5.0          0.6453        -0.01559
2        5.0          0.6634        -0.01576
2        5.0          0.6816        -0.01464
2        5.0          0.6997        -0.01345
2        5.0          0.7179        -0.01277
2        5.0           0.736         -0.0119
2        5.0          0.7541         -0.0109
2        5.0          0.7723       -0.009919
2        5.0          0.7904       -0.009101
2        5.0          0.8086       -0.008297
2        5.0          0.8267       -0.007461
2        5.0          0.8449       -0.006657
2        5.0           0.863        -0.00592
2        5.0          0.8811       -0.005288
2        5.0          0.8993        -0.00473
2        5.0          0.9174       -0.004227
2        5.0          0.9356       -0.003738
2        5.0          0.9537       -0.003285
2        5.0          0.9719        -0.00286
2        5.0            0.99       -0.002465
2       10.0           1e-05          0.3947
2       10.0       1.207e-05          0.3685
2       10.0       1.456e-05          0.3431
2       10.0       1.758e-05           0.319
2       10.0       2.121e-05          0.2968
2       10.0        2.56e-05          0.2774
2       10.0       3.089e-05          0.2619
2       10.0       3.728e-05          0.2501
2       10.0       4.498e-05          0.2412
2       10.0       5.429e-05          0.2343
2       10.0       6.551e-05          0.2287
2       10.0       7.906e-05           0.224
2       10.0       9.541e-05          0.2197
2       10.0       0.0001151          0.2156
2       10.0       0.0001389          0.2115
2       10.0       0.0001677          0.2073
2       10.0       0.0002024           0.203
2       10.0       0.0002442          0.1985
2       10.0       0.0002947          0.1939
2       10.0       0.0003556          0.1891
2       10.0       0.0004292          0.1843
2       10.0       0.0005179          0.1793
2       10.0       0.0006251          0.1743
2       10.0       0.0007543          0.1693
2       10.0       0.0009103          0.1642
2       10.0        0.001099          0.1591
2       10.0        0.001326           0.154
2       10.0          0.0016           0.149
2       10.0        0.001931           0.144
2       10.0         0.00233           0.139
2       10.0        0.002812          0.1341
2       10.0        0.003393          0.1293
2       10.0        0.004095          0.1245
2       10.0        0.004942          0.1198
2       10.0        0.005964          0.1152
2       10.0        0.007197          0.1105
2       10.0        0.008685           0.106
2       10.0         0.01048          0.1015
2       10.0         0.01265         0.09698
2       10.0         0.01526         0.09252
2       10.0         0.01842         0.08803
2       10.0         0.02223         0.08345
2       10.0         0.02683         0.07869
2       10.0         0.03237          0.0737
2       10.0         0.03907         0.06842
2       10.0         0.04715         0.06289
2       10.0          0.0569          0.0572
2       10.0         0.06866         0.05151
2       10.0         0.08286         0.04594
2       10.0             0.1         0.04053
2       10.0           0.101         0.04025
2       10.0          0.1191         0.03573
2       10.0          0.1373         0.03194
2       10.0          0.1554         0.02862
2       10.0          0.1736         0.02561
2       10.0          0.1917         0.02282
2       10.0          0.2099          0.0202
2       10.0           0.228          0.0177
2       10.0          0.2461         0.01532
2       10.0          0.2643         0.01304
2       10.0          0.2824         0.01087
2       10.0          0.3006        0.008805
2       10.0          0.3187        0.006861
2       10.0          0.3369        0.005031
2       10.0           0.355        0.003295
2       10.0          0.3731        0.001698
2       10.0          0.3913       0.0002196
2       10.0          0.4094       -0.001099
2       10.0          0.4276       -0.002279
2       10.0          0.4457        -0.00329
2       10.0          0.4639       -0.004173
2       10.0           0.482       -0.004888
2       10.0          0.5001       -0.005463
2       10.0          0.5183       -0.005915
2       10.0          0.5364        -0.00621
2       10.0          0.5546       -0.006425
2       10.0          0.5727       -0.006557
2       10.0          0.5909       -0.006565
2       10.0           0.609       -0.006492
2       10.0          0.6271       -0.006178
2       10.0          0.6453       -0.006215
2       10.0          0.6634       -0.005616
2       10.0          0.6816       -0.005257
2       10.0          0.6997       -0.004877
2       10.0          0.7179       -0.004438
2       10.0           0.736       -0.003988
2       10.0          0.7541       -0.003604
2       10.0          0.7723       -0.003219
2       10.0          0.7904       -0.002829
2       10.0          0.8086       -0.002469
2       10.0          0.8267       -0.002155
2       10.0          0.8449       -0.001879
2       10.0           0.863       -0.001631
2       10.0          0.8811       -0.001396
2       10.0          0.8993       -0.001178
2       10.0          0.9174      -0.0009784
2       10.0          0.9356      -0.0007979
2       10.0          0.9537      -0.0006362
2       10.0          0.9719       -0.000503
2       10.0            0.99      -0.0003875
2      100.0           1e-05           1.111
2      100.0       1.207e-05           1.051
2      100.0       1.456e-05          0.9937
2      100.0       1.758e-05          0.9401
2      100.0       2.121e-05          0.8904
2      100.0        2.56e-05          0.8447
2      100.0       3.089e-05           0.803
2      100.0       3.728e-05          0.7644
2      100.0       4.498e-05          0.7284
2      100.0       5.429e-05          0.6944
2      100.0       6.551e-05           0.662
2      100.0       7.906e-05          0.6309
2      100.0       9.541e-05          0.6009
2      100.0       0.0001151          0.5719
2      100.0       0.0001389          0.5438
2      100.0       0.0001677          0.5165
2      100.0       0.0002024          0.4901
2      100.0       0.0002442          0.4645
2      100.0       0.0002947          0.4397
2      100.0       0.0003556          0.4157
2      100.0       0.0004292          0.3926
2      100.0       0.0005179          0.3703
2      100.0       0.0006251          0.3489
2      100.0       0.0007543          0.3282
2      100.0       0.0009103          0.3084
2      100.0        0.001099          0.2894
2      100.0        0.001326          0.2712
2      100.0          0.0016          0.2537
2      100.0        0.001931           0.237
2      100.0         0.00233          0.2211
2      100.0        0.002812          0.2059
2      100.0        0.003393          0.1914
2      100.0        0.004095          0.1777
2      100.0        0.004942          0.1645
2      100.0        0.005964           0.152
2      100.0        0.007197          0.1402
2      100.0        0.008685          0.1289
2      100.0         0.01048          0.1182
2      100.0         0.01265           0.108
2      100.0         0.01526         0.09838
2      100.0         0.01842         0.08921
2      100.0         0.02223         0.08044
2      100.0         0.02683         0.07207
2      100.0         0.03237         0.06407
2      100.0         0.03907         0.05647
2      100.0         0.04715         0.04932
2      100.0          0.0569          0.0427
2      100.0         0.06866         0.03666
2      100.0         0.08286         0.03127
2      100.0             0.1         0.02642
2      100.0           0.101         0.02618
2      100.0          0.1191         0.02246
2      100.0          0.1373         0.01955
2      100.0          0.1554         0.01718
2      100.0          0.1736         0.01519
2      100.0          0.1917         0.01347
2      100.0          0.2099         0.01196
2      100.0           0.228         0.01061
2      100.0          0.2461        0.009394
2      100.0          0.2643        0.008293
2      100.0          0.2824        0.007292
2      100.0          0.3006        0.006382
2      100.0          0.3187        0.005554
2      100.0          0.3369        0.004802
2      100.0           0.355        0.004118
2      100.0          0.3731        0.003501
2      100.0          0.3913        0.002947
2      100.0          0.4094        0.002453
2      100.0          0.4276        0.002016
2      100.0          0.4457        0.001633
2      100.0          0.4639        0.001298
2      100.0           0.482        0.001011
2      100.0          0.5001       0.0007651
2      100.0          0.5183       0.0005587
2      100.0          0.5364       0.0003858
2      100.0          0.5546       0.0002433
2      100.0          0.5727       0.0001297
2      100.0          0.5909       4.084e-05
2      100.0           0.609      -2.588e-05
2      100.0          0.6271      -7.367e-05
2      100.0          0.6453      -0.0001085
2      100.0          0.6634       -0.000128
2      100.0          0.6816      -0.0001353
2      100.0          0.6997      -0.0001338
2      100.0          0.7179      -0.0001293
2      100.0           0.736      -0.0001208
2      100.0          0.7541      -0.0001093
2      100.0          0.7723      -9.716e-05
2      100.0          0.7904      -8.542e-05
2      100.0          0.8086      -7.402e-05
2      100.0          0.8267      -6.254e-05
2      100.0          0.8449      -5.148e-05
2      100.0           0.863       -4.11e-05
2      100.0          0.8811      -3.174e-05
2      100.0          0.8993      -2.366e-05
2      100.0          0.9174      -1.692e-05
2      100.0          0.9356      -1.105e-05
2      100.0          0.9537      -6.338e-06
2      100.0          0.9719      -2.972e-06
2      100.0            0.99      -9.128e-07
2     1000.0           1e-05           1.918
2     1000.0       1.207e-05           1.805
2     1000.0       1.456e-05           1.697
2     1000.0       1.758e-05           1.596
2     1000.0       2.121e-05           1.502
2     1000.0        2.56e-05           1.413
2     1000.0       3.089e-05            1.33
2     1000.0       3.728e-05           1.252
2     1000.0       4.498e-05           1.178
2     1000.0       5.429e-05           1.108
2     1000.0       6.551e-05           1.042
2     1000.0       7.906e-05          0.9783
2     1000.0       9.541e-05          0.9181
2     1000.0       0.0001151          0.8607
2     1000.0       0.0001389          0.8061
2     1000.0       0.0001677           0.754
2     1000.0       0.0002024          0.7045
2     1000.0       0.0002442          0.6574
2     1000.0       0.0002947          0.6127
2     1000.0       0.0003556          0.5704
2     1000.0       0.0004292          0.5302
2     1000.0       0.0005179          0.4922
2     1000.0       0.0006251          0.4562
2     1000.0       0.0007543          0.4223
2     1000.0       0.0009103          0.3903
2     1000.0        0.001099          0.3601
2     1000.0        0.001326          0.3317
2     1000.0          0.0016           0.305
2     1000.0        0.001931          0.2799
2     1000.0         0.00233          0.2564
2     1000.0        0.002812          0.2344
2     1000.0        0.003393          0.2138
2     1000.0        0.004095          0.1946
2     1000.0        0.004942          0.1766
2     1000.0        0.005964          0.1599
2     1000.0        0.007197          0.1443
2     1000.0        0.008685          0.1298
2     1000.0         0.01048          0.1164
2     1000.0         0.01265          0.1039
2     1000.0         0.01526         0.09237
2     1000.0         0.01842         0.08169
2     1000.0         0.02223         0.07181
2     1000.0         0.02683         0.06269
2     1000.0         0.03237         0.05431
2     1000.0         0.03907         0.04666
2     1000.0         0.04715         0.03975
2     1000.0          0.0569         0.03358
2     1000.0         0.06866         0.02817
2     1000.0         0.08286         0.02347
2     1000.0             0.1         0.01936
2     1000.0           0.101         0.01916
2     1000.0          0.1191         0.01609
2     1000.0          0.1373         0.01376
2     1000.0          0.1554          0.0119
2     1000.0          0.1736         0.01037
2     1000.0          0.1917        0.009083
2     1000.0          0.2099        0.007976
2     1000.0           0.228        0.007013
2     1000.0          0.2461        0.006166
2     1000.0          0.2643        0.005415
2     1000.0          0.2824        0.004747
2     1000.0          0.3006        0.004152
2     1000.0          0.3187         0.00362
2     1000.0          0.3369        0.003145
2     1000.0           0.355        0.002721
2     1000.0          0.3731        0.002344
2     1000.0          0.3913        0.002009
2     1000.0          0.4094        0.001713
2     1000.0          0.4276        0.001452
2     1000.0          0.4457        0.001224
2     1000.0          0.4639        0.001026
2     1000.0           0.482       0.0008537
2     1000.0          0.5001       0.0007056
2     1000.0          0.5183       0.0005788
2     1000.0          0.5364       0.0004708
2     1000.0          0.5546       0.0003794
2     1000.0          0.5727       0.0003028
2     1000.0          0.5909       0.0002392
2     1000.0           0.609       0.0001869
2     1000.0          0.6271       0.0001443
2     1000.0          0.6453       0.0001097
2     1000.0          0.6634       8.238e-05
2     1000.0          0.6816        6.11e-05
2     1000.0          0.6997       4.467e-05
2     1000.0          0.7179       3.203e-05
2     1000.0           0.736       2.249e-05
2     1000.0          0.7541       1.542e-05
2     1000.0          0.7723       1.021e-05
2     1000.0          0.7904       6.411e-06
2     1000.0          0.8086       3.728e-06
2     1000.0          0.8267       1.925e-06
2     1000.0          0.8449       7.739e-07
2     1000.0           0.863       1.009e-07
2     1000.0          0.8811      -2.451e-07
2     1000.0          0.8993      -3.792e-07
2     1000.0          0.9174      -3.727e-07
2     1000.0          0.9356      -2.792e-07
2     1000.0          0.9537      -1.646e-07
2     1000.0          0.9719      -6.918e-08
2     1000.0            0.99      -1.183e-08
3        5.0           1e-05          0.3568
3        5.0       1.207e-05          0.3456
3        5.0       1.456e-05          0.3347
3        5.0       1.758e-05          0.3243
3        5.0       2.121e-05          0.3142
3        5.0        2.56e-05          0.3044
3        5.0       3.089e-05           0.295
3        5.0       3.728e-05          0.2859
3        5.0       4.498e-05          0.2771
3        5.0       5.429e-05          0.2686
3        5.0       6.551e-05          0.2605
3        5.0       7.906e-05          0.2526
3        5.0       9.541e-05          0.2451
3        5.0       0.0001151          0.2378
3        5.0       0.0001389          0.2309
3        5.0       0.0001677          0.2242
3        5.0       0.0002024          0.2179
3        5.0       0.0002442          0.2118
3        5.0       0.0002947           0.206
3        5.0       0.0003556          0.2006
3        5.0       0.0004292          0.1954
3        5.0       0.0005179          0.1905
3        5.0       0.0006251          0.1859
3        5.0       0.0007543          0.1816
3        5.0       0.0009103          0.1776
3        5.0        0.001099          0.1739
3        5.0        0.001326          0.1705
3        5.0          0.0016          0.1673
3        5.0        0.001931          0.1643
3        5.0         0.00233          0.1614
3        5.0        0.002812          0.1587
3        5.0        0.003393           0.156
3        5.0        0.004095          0.1532
3        5.0        0.004942          0.1503
3        5.0        0.005964          0.1471
3        5.0        0.007197          0.1435
3        5.0        0.008685          0.1394
3        5.0         0.01048          0.1347
3        5.0         0.01265          0.1291
3        5.0         0.01526          0.1228
3        5.0         0.01842          0.1156
3        5.0         0.02223          0.1076
3        5.0         0.02683         0.09891
3        5.0         0.03237         0.08978
3        5.0         0.03907         0.08044
3        5.0         0.04715          0.0712
3        5.0          0.0569         0.06235
3        5.0         0.06866         0.05416
3        5.0         0.08286         0.04679
3        5.0             0.1         0.04029
3        5.0           0.101         0.03998
3        5.0          0.1191         0.03501
3        5.0          0.1373         0.03121
3        5.0          0.1554          0.0282
3        5.0          0.1736         0.02574
3        5.0          0.1917         0.02369
3        5.0          0.2099         0.02197
3        5.0           0.228          0.0205
3        5.0          0.2461         0.01923
3        5.0          0.2643         0.01814
3        5.0          0.2824         0.01719
3        5.0          0.3006         0.01636
3        5.0          0.3187         0.01562
3        5.0          0.3369         0.01497
3        5.0           0.355         0.01438
3        5.0          0.3731         0.01385
3        5.0          0.3913         0.01335
3        5.0          0.4094          0.0129
3        5.0          0.4276         0.01247
3        5.0          0.4457         0.01206
3        5.0          0.4639         0.01166
3        5.0           0.482         0.01127
3        5.0          0.5001         0.01089
3        5.0          0.5183         0.01051
3        5.0          0.5364         0.01013
3        5.0          0.5546        0.009746
3        5.0          0.5727        0.009359
3        5.0          0.5909        0.008968
3        5.0           0.609        0.008572
3        5.0          0.6271         0.00817
3        5.0          0.6453        0.007763
3        5.0          0.6634        0.007351
3        5.0          0.6816        0.006936
3        5.0          0.6997        0.006518
3        5.0          0.7179          0.0061
3        5.0           0.736        0.005682
3        5.0          0.7541        0.005266
3        5.0          0.7723        0.004855
3        5.0          0.7904        0.004451
3        5.0          0.8086        0.004054
3        5.0          0.8267        0.003668
3        5.0          0.8449        0.003295
3        5.0           0.863        0.002935
3        5.0          0.8811        0.002593
3        5.0          0.8993        0.002268
3        5.0          0.9174        0.001963
3        5.0          0.9356        0.001679
3        5.0          0.9537        0.001418
3        5.0          0.9719         0.00118
3        5.0            0.99       0.0009681
3       10.0           1e-05          0.5633
3       10.0       1.207e-05           0.543
3       10.0       1.456e-05          0.5234
3       10.0       1.758e-05          0.5044
3       10.0       2.121e-05           0.486
3       10.0        2.56e-05          0.4683
3       10.0       3.089e-05          0.4512
3       10.0       3.728e-05          0.4346
3       10.0       4.498e-05          0.4186
3       10.0       5.429e-05          0.4032
3       10.0       6.551e-05          0.3883
3       10.0       7.906e-05          0.3739
3       10.0       9.541e-05            0.36
3       10.0       0.0001151          0.3466
3       10.0       0.0001389          0.3336
3       10.0       0.0001677          0.3212
3       10.0       0.0002024          0.3092
3       10.0       0.0002442          0.2976
3       10.0       0.0002947          0.2866
3       10.0       0.0003556          0.2759
3       10.0       0.0004292          0.2657
3       10.0       0.0005179          0.2559
3       10.0       0.0006251          0.2464
3       10.0       0.0007543          0.2374
3       10.0       0.0009103          0.2288
3       10.0        0.001099          0.2205
3       10.0        0.001326          0.2126
3       10.0          0.0016           0.205
3       10.0        0.001931          0.1976
3       10.0         0.00233          0.1905
3       10.0        0.002812          0.1836
3       10.0        0.003393          0.1768
3       10.0        0.004095            0.17
3       10.0        0.004942          0.1631
3       10.0        0.005964          0.1562
3       10.0        0.007197           0.149
3       10.0        0.008685          0.1416
3       10.0         0.01048          0.1338
3       10.0         0.01265          0.1256
3       10.0         0.01526          0.1169
3       10.0         0.01842          0.1079
3       10.0         0.02223         0.09859
3       10.0         0.02683         0.08908
3       10.0         0.03237         0.07958
3       10.0         0.03907         0.07028
3       10.0         0.04715         0.06141
3       10.0          0.0569         0.05317
3       10.0         0.06866         0.04571
3       10.0         0.08286         0.03909
3       10.0             0.1         0.03331
3       10.0           0.101         0.03302
3       10.0          0.1191          0.0286
3       10.0          0.1373          0.0252
3       10.0          0.1554         0.02249
3       10.0          0.1736         0.02025
3       10.0          0.1917         0.01837
3       10.0          0.2099         0.01676
3       10.0           0.228         0.01536
3       10.0          0.2461         0.01413
3       10.0          0.2643         0.01305
3       10.0          0.2824         0.01208
3       10.0          0.3006         0.01122
3       10.0          0.3187         0.01044
3       10.0          0.3369        0.009735
3       10.0           0.355        0.009094
3       10.0          0.3731        0.008508
3       10.0          0.3913        0.007968
3       10.0          0.4094        0.007469
3       10.0          0.4276        0.007005
3       10.0          0.4457         0.00657
3       10.0          0.4639        0.006162
3       10.0           0.482        0.005777
3       10.0          0.5001         0.00541
3       10.0          0.5183        0.005061
3       10.0          0.5364        0.004726
3       10.0          0.5546        0.004404
3       10.0          0.5727        0.004094
3       10.0          0.5909        0.003795
3       10.0           0.609        0.003505
3       10.0          0.6271        0.003224
3       10.0          0.6453        0.002953
3       10.0          0.6634        0.002691
3       10.0          0.6816        0.002438
3       10.0          0.6997        0.002195
3       10.0          0.7179        0.001962
3       10.0           0.736         0.00174
3       10.0          0.7541        0.001529
3       10.0          0.7723         0.00133
3       10.0          0.7904        0.001144
3       10.0          0.8086       0.0009707
3       10.0          0.8267       0.0008115
3       10.0          0.8449       0.0006666
3       10.0           0.863        0.000536
3       10.0          0.8811       0.0004199
3       10.0          0.8993       0.0003184
3       10.0          0.9174        0.000231
3       10.0          0.9356       0.0001573
3       10.0          0.9537       9.658e-05
3       10.0          0.9719       4.784e-05
3       10.0            0.99       1.071e-05
3      100.0           1e-05           1.359
3      100.0       1.207e-05           1.291
3      100.0       1.456e-05           1.226
3      100.0       1.758e-05           1.164
3      100.0       2.121e-05           1.105
3      100.0        2.56e-05           1.048
3      100.0       3.089e-05          0.9937
3      100.0       3.728e-05          0.9417
3      100.0       4.498e-05           0.892
3      100.0       5.429e-05          0.8445
3      100.0       6.551e-05          0.7991
3      100.0       7.906e-05          0.7557
3      100.0       9.541e-05          0.7143
3      100.0       0.0001151          0.6748
3      100.0       0.0001389          0.6371
3      100.0       0.0001677          0.6012
3      100.0       0.0002024          0.5669
3      100.0       0.0002442          0.5342
3      100.0       0.0002947          0.5031
3      100.0       0.0003556          0.4734
3      100.0       0.0004292          0.4452
3      100.0       0.0005179          0.4184
3      100.0       0.0006251          0.3928
3      100.0       0.0007543          0.3686
3      100.0       0.0009103          0.3455
3      100.0        0.001099          0.3235
3      100.0        0.001326          0.3027
3      100.0          0.0016          0.2828
3      100.0        0.001931          0.2639
3      100.0         0.00233          0.2459
3      100.0        0.002812          0.2288
3      100.0        0.003393          0.2124
3      100.0        0.004095          0.1967
3      100.0        0.004942          0.1817
3      100.0        0.005964          0.1672
3      100.0        0.007197          0.1533
3      100.0        0.008685          0.1398
3      100.0         0.01048          0.1269
3      100.0         0.01265          0.1144
3      100.0         0.01526          0.1024
3      100.0         0.01842         0.09092
3      100.0         0.02223         0.08003
3      100.0         0.02683         0.06981
3      100.0         0.03237         0.06033
3      100.0         0.03907         0.05167
3      100.0         0.04715         0.04389
3      100.0          0.0569         0.03702
3      100.0         0.06866         0.03104
3      100.0         0.08286          0.0259
3      100.0             0.1          0.0215
3      100.0           0.101         0.02129
3      100.0          0.1191         0.01797
3      100.0          0.1373         0.01545
3      100.0          0.1554         0.01344
3      100.0          0.1736         0.01179
3      100.0          0.1917         0.01041
3      100.0          0.2099        0.009215
3      100.0           0.228        0.008178
3      100.0          0.2461        0.007266
3      100.0          0.2643        0.006458
3      100.0          0.2824        0.005738
3      100.0          0.3006        0.005094
3      100.0          0.3187        0.004517
3      100.0          0.3369        0.003998
3      100.0           0.355        0.003533
3      100.0          0.3731        0.003114
3      100.0          0.3913        0.002739
3      100.0          0.4094        0.002402
3      100.0          0.4276          0.0021
3      100.0          0.4457        0.001831
3      100.0          0.4639        0.001591
3      100.0           0.482        0.001377
3      100.0          0.5001        0.001187
3      100.0          0.5183        0.001019
3      100.0          0.5364       0.0008712
3      100.0          0.5546       0.0007407
3      100.0          0.5727       0.0006262
3      100.0          0.5909       0.0005261
3      100.0           0.609       0.0004389
3      100.0          0.6271       0.0003631
3      100.0          0.6453       0.0002975
3      100.0          0.6634       0.0002409
3      100.0          0.6816       0.0001923
3      100.0          0.6997       0.0001508
3      100.0          0.7179       0.0001156
3      100.0           0.736       8.572e-05
3      100.0          0.7541       6.058e-05
3      100.0          0.7723       3.958e-05
3      100.0          0.7904       2.215e-05
3      100.0          0.8086       7.783e-06
3      100.0          0.8267      -3.992e-06
3      100.0          0.8449      -1.356e-05
3      100.0           0.863      -2.129e-05
3      100.0          0.8811      -2.749e-05
3      100.0          0.8993      -3.248e-05
3      100.0          0.9174      -3.654e-05
3      100.0          0.9356       -3.99e-05
3      100.0          0.9537      -4.277e-05
3      100.0          0.9719      -4.535e-05
3      100.0            0.99      -4.784e-05
3     1000.0           1e-05           2.036
3     1000.0       1.207e-05           1.916
3     1000.0       1.456e-05           1.801
3     1000.0       1.758e-05           1.692
3     1000.0       2.121e-05           1.589
3     1000.0        2.56e-05           1.491
3     1000.0       3.089e-05           1.399
3     1000.0       3.728e-05           1.311
3     1000.0       4.498e-05           1.228
3     1000.0       5.429e-05           1.149
3     1000.0       6.551e-05           1.075
3     1000.0       7.906e-05           1.005
3     1000.0       9.541e-05          0.9381
3     1000.0       0.0001151          0.8754
3     1000.0       0.0001389          0.8162
3     1000.0       0.0001677          0.7603
3     1000.0       0.0002024          0.7076
3     1000.0       0.0002442          0.6579
3     1000.0       0.0002947          0.6111
3     1000.0       0.0003556          0.5671
3     1000.0       0.0004292          0.5257
3     1000.0       0.0005179          0.4867
3     1000.0       0.0006251          0.4501
3     1000.0       0.0007543          0.4157
3     1000.0       0.0009103          0.3835
3     1000.0        0.001099          0.3532
3     1000.0        0.001326          0.3248
3     1000.0          0.0016          0.2982
3     1000.0        0.001931          0.2733
3     1000.0         0.00233          0.2499
3     1000.0        0.002812           0.228
3     1000.0        0.003393          0.2075
3     1000.0        0.004095          0.1883
3     1000.0        0.004942          0.1703
3     1000.0        0.005964          0.1534
3     1000.0        0.007197          0.1376
3     1000.0        0.008685          0.1229
3     1000.0         0.01048          0.1091
3     1000.0         0.01265         0.09626
3     1000.0         0.01526         0.08436
3     1000.0         0.01842          0.0734
3     1000.0         0.02223         0.06336
3     1000.0         0.02683         0.05426
3     1000.0         0.03237         0.04611
3     1000.0         0.03907         0.03889
3     1000.0         0.04715         0.03259
3     1000.0          0.0569         0.02716
3     1000.0         0.06866         0.02252
3     1000.0         0.08286         0.01859
3     1000.0             0.1         0.01527
3     1000.0           0.101         0.01511
3     1000.0          0.1191         0.01263
3     1000.0          0.1373         0.01075
3     1000.0          0.1554        0.009263
3     1000.0          0.1736        0.008049
3     1000.0          0.1917         0.00703
3     1000.0          0.2099         0.00616
3     1000.0           0.228        0.005407
3     1000.0          0.2461        0.004747
3     1000.0          0.2643        0.004167
3     1000.0          0.2824        0.003653
3     1000.0          0.3006        0.003197
3     1000.0          0.3187        0.002792
3     1000.0          0.3369        0.002431
3     1000.0           0.355         0.00211
3     1000.0          0.3731        0.001826
3     1000.0          0.3913        0.001574
3     1000.0          0.4094        0.001351
3     1000.0          0.4276        0.001154
3     1000.0          0.4457       0.0009809
3     1000.0          0.4639       0.0008294
3     1000.0           0.482       0.0006972
3     1000.0          0.5001       0.0005824
3     1000.0          0.5183       0.0004831
3     1000.0          0.5364       0.0003976
3     1000.0          0.5546       0.0003245
3     1000.0          0.5727       0.0002622
3     1000.0          0.5909       0.0002096
3     1000.0           0.609       0.0001654
3     1000.0          0.6271       0.0001286
3     1000.0          0.6453       9.806e-05
3     1000.0          0.6634       7.302e-05
3     1000.0          0.6816       5.264e-05
3     1000.0          0.6997       3.623e-05
3     1000.0          0.7179       2.316e-05
3     1000.0           0.736       1.282e-05
3     1000.0          0.7541       4.741e-06
3     1000.0          0.7723      -1.487e-06
3     1000.0          0.7904      -6.225e-06
3     1000.0          0.8086      -9.792e-06
3     1000.0          0.8267      -1.247e-05
3     1000.0          0.8449      -1.444e-05
3     1000.0           0.863      -1.589e-05
3     1000.0          0.8811      -1.695e-05
3     1000.0          0.8993      -1.774e-05
3     1000.0          0.9174      -1.832e-05
3     1000.0          0.9356      -1.875e-05
3     1000.0          0.9537      -1.907e-05
3     1000.0          0.9719      -1.929e-05
3     1000.0            0.99      -1.942e-05
